6.135273
6.135240
6.135195
6.135146
6.135102
6.135068
6.135040
6.135014
6.134991
6.134969
6.134948
6.134928
6.134909
6.134890
6.134872
6.134855
6.134838
6.134822
6.134807
6.134792
6.134777
6.134764
6.134751
6.134738
6.134726
6.134715
6.134704
6.134693
6.134684
6.134674
6.134666
6.134658
6.134650
6.134644
6.134638
6.134632
6.134628
6.134624
6.134620
6.134618
6.134616
6.134616
6.134616
6.134618
6.134620
6.134624
6.134629
6.134635
6.134642
6.134651
6.134661
6.134672
6.134684
6.134697
6.134712
6.134728
6.134745
6.134764
6.134783
6.134805
6.134827
6.134851
6.134877
6.134904
6.134932
6.134962
6.134993
6.135026
6.135061
6.135097
6.135134
6.135173
6.135214
6.135256
6.135300
6.135346
6.135395
6.135452
6.135515
6.135582
6.135652
6.135724
6.135800
6.135878
6.135960
6.136044
6.136132
6.136223
6.136317
6.136415
6.136516
6.136620
6.136728
6.136840
6.136955
6.137074
6.137196
6.137322
6.137452
6.137587
6.137725
6.137867
6.138013
6.138163
6.138318
6.138477
6.138640
6.138808
6.138980
6.139157
6.139338
6.139525
6.139716
6.139911
6.140112
6.140318
6.140529
6.140745
6.140966
6.141193
6.141425
6.141662
6.141905
6.142154
6.142408
6.142668
6.142934
6.143206
6.143484
6.143768
6.144058
6.144355
6.144658
6.144967
6.145283
6.145606
6.145936
6.146272
6.146615
6.146965
6.147322
6.147687
6.148058
6.148438
6.148824
6.149218
6.149620
6.150030
6.150447
6.150872
6.151306
6.151747
6.152197
6.152655
6.153121
6.153596
6.154080
6.154572
6.155073
6.155583
6.156102
6.156630
6.157168
6.157714
6.158270
6.158836
6.159411
6.159996
6.160591
6.161195
6.161810
6.162435
6.163071
6.163717
6.164375
6.165052
6.165807
6.166606
6.167441
6.168304
6.169190
6.170095
6.171017
6.171955
6.172909
6.173878
6.174862
6.175861
6.176875
6.177903
6.178947
6.180006
6.181080
6.182169
6.183274
6.184395
6.185531
6.186683
6.187851
6.189035
6.190235
6.191451
6.192683
6.193932
6.195196
6.196478
6.197776
6.199090
6.200422
6.201770
6.203135
6.204516
6.205915
6.207331
6.208763
6.210213
6.211680
6.213164
6.214666
6.216184
6.217720
6.219274
6.220844
6.222432
6.224037
6.225660
6.227300
6.228957
6.230632
6.232324
6.234033
6.235760
6.237504
6.239265
6.241044
6.242839
6.244653
6.246483
6.248332
6.250198
6.252081
6.253982
6.255901
6.257838
6.259791
6.261763
6.263752
6.265758
6.267782
6.269823
6.271881
6.273957
6.276051
6.278161
6.280289
6.282434
6.284597
6.286776
6.288973
6.291187
6.293418
6.295666
6.297932
6.300214
6.302514
6.304830
6.307164
6.309514
6.311882
6.314266
6.316668
6.319086
6.321521
6.323972
6.326437
6.328906
6.331351
6.333702
6.336019
6.338330
6.340645
6.342970
6.345308
6.347660
6.350027
6.352409
6.354807
6.357220
6.359648
6.362091
6.364550
6.367023
6.369512
6.372016
6.374536
6.377070
6.379620
6.382185
6.384766
6.387362
6.389973
6.392599
6.395240
6.397897
6.400569
6.403257
6.405959
6.408678
6.411411
6.414160
6.416924
6.419704
6.422499
6.425309
6.428135
6.430976
6.433832
6.436704
6.439592
6.442495
6.445413
6.448347
6.451296
6.454260
6.457240
6.460236
6.463247
6.466273
6.469315
6.472373
6.475446
6.478534
6.481638
6.484758
6.487893
6.491044
6.494210
6.497392
6.500589
6.503802
6.507031
6.510276
6.513537
6.516813
6.520106
6.523415
6.526740
6.530081
6.533439
6.536813
6.540205
6.543614
6.547040
6.550483
6.553945
6.557426
6.560925
6.564443
6.567982
6.571540
6.575120
6.578722
6.582347
6.585995
6.589668
6.593366
6.597092
6.600845
6.604628
6.608443
6.612290
6.616172
6.620090
6.624047
6.628043
6.632078
6.636135
6.640147
6.644187
6.648273
6.652412
6.656608
6.660865
6.665185
6.669572
6.674029
6.678558
6.683162
6.687845
6.692609
6.697457
6.702390
6.707413
6.712525
6.717729
6.723027
6.728419
6.733905
6.739486
6.745162
6.750932
6.756794
6.762746
6.768788
6.774915
6.781125
6.787414
6.793779
6.800214
6.806715
6.813277
6.819894
6.826561
6.833272
6.840020
6.846799
6.853603
6.860425
6.867259
6.874097
6.880935
6.887763
6.894578
6.901371
6.908137
6.914869
6.921562
6.928210
6.934807
6.941348
6.947827
6.954240
6.960581
6.966847
6.973032
6.979132
6.985145
6.991065
6.996890
7.002615
7.008238
7.013756
7.019166
7.024465
7.029651
7.034721
7.039672
7.044502
7.049210
7.053793
7.058250
7.062581
7.066786
7.070868
7.074831
7.078681
7.082427
7.086081
7.089650
7.093134
7.096523
7.099790
7.102901
7.105888
7.108871
7.112061
7.115579
7.119129
7.122446
7.124892
7.126691
7.128080
7.129180
7.130057
7.130757
7.131315
7.131756
7.132102
7.132369
7.132570
7.132717
7.132818
7.132881
7.132911
7.132912
7.132889
7.132844
7.132780
7.132698
7.132601
7.132489
7.132365
7.132228
7.132080
7.131921
7.131753
7.131577
7.131384
7.131182
7.131027
7.130713
7.130591
7.130270
7.130105
7.129922
7.129543
7.129411
7.129009
7.128848
7.128588
7.128207
7.128067
7.127650
7.127486
7.127176
7.126803
7.126658
7.126244
7.126077
7.125770
7.125407
7.125261
7.124855
7.124684
7.124306
7.124116
7.123951
7.123544
7.123400
7.123066
7.122881
7.122708
7.122428
7.122183
7.122049
7.121818
7.121584
7.121448
7.121301
7.121083
7.120948
7.120860
7.120676
7.120571
7.120466
7.120382
7.120315
7.120259
7.120227
7.120217
7.120234
7.120283
7.120368
7.120497
7.120678
7.120918
7.121229
7.121619
7.122099
7.122679
7.123369
7.124180
7.125124
7.126214
7.127463
7.128893
7.130544
7.132367
7.134407
7.136701
7.139315
7.142663
7.149327
7.164808
7.180678
7.198354
