6.135311
6.135279
6.135234
6.135185
6.135141
6.135108
6.135080
6.135054
6.135031
6.135010
6.134989
6.134970
6.134951
6.134933
6.134916
6.134899
6.134883
6.134868
6.134853
6.134839
6.134826
6.134813
6.134801
6.134790
6.134779
6.134768
6.134759
6.134750
6.134742
6.134734
6.134727
6.134721
6.134715
6.134710
6.134707
6.134702
6.134700
6.134699
6.134699
6.134700
6.134702
6.134705
6.134709
6.134714
6.134721
6.134729
6.134738
6.134748
6.134760
6.134773
6.134787
6.134802
6.134819
6.134837
6.134856
6.134876
6.134898
6.134921
6.134946
6.134972
6.134999
6.135028
6.135058
6.135090
6.135123
6.135158
6.135194
6.135232
6.135272
6.135313
6.135355
6.135400
6.135446
6.135493
6.135542
6.135594
6.135649
6.135712
6.135782
6.135856
6.135933
6.136012
6.136095
6.136181
6.136270
6.136362
6.136457
6.136555
6.136657
6.136763
6.136871
6.136983
6.137099
6.137218
6.137341
6.137468
6.137597
6.137731
6.137869
6.138011
6.138158
6.138308
6.138462
6.138621
6.138783
6.138950
6.139122
6.139298
6.139478
6.139664
6.139853
6.140047
6.140246
6.140450
6.140660
6.140874
6.141093
6.141318
6.141547
6.141782
6.142023
6.142269
6.142520
6.142777
6.143040
6.143308
6.143583
6.143863
6.144150
6.144442
6.144741
6.145046
6.145358
6.145676
6.146000
6.146331
6.146669
6.147014
6.147366
6.147723
6.148089
6.148462
6.148842
6.149229
6.149624
6.150027
6.150437
6.150854
6.151280
6.151714
6.152155
6.152605
6.153063
6.153529
6.154003
6.154486
6.154977
6.155478
6.155987
6.156505
6.157032
6.157568
6.158113
6.158668
6.159232
6.159805
6.160388
6.160980
6.161582
6.162194
6.162815
6.163446
6.164088
6.164740
6.165404
6.166086
6.166836
6.167661
6.168516
6.169394
6.170292
6.171209
6.172143
6.173093
6.174057
6.175036
6.176030
6.177039
6.178062
6.179100
6.180153
6.181220
6.182303
6.183400
6.184513
6.185642
6.186785
6.187945
6.189119
6.190310
6.191516
6.192739
6.193977
6.195231
6.196502
6.197789
6.199091
6.200411
6.201747
6.203099
6.204468
6.205854
6.207257
6.208676
6.210112
6.211566
6.213036
6.214523
6.216027
6.217548
6.219086
6.220641
6.222214
6.223803
6.225410
6.227034
6.228675
6.230333
6.232009
6.233702
6.235412
6.237140
6.238884
6.240646
6.242426
6.244223
6.246037
6.247868
6.249716
6.251582
6.253465
6.255366
6.257283
6.259218
6.261171
6.263140
6.265127
6.267132
6.269153
6.271193
6.273249
6.275323
6.277414
6.279523
6.281649
6.283793
6.285954
6.288132
6.290327
6.292539
6.294769
6.297016
6.299280
6.301562
6.303860
6.306175
6.308507
6.310857
6.313223
6.315606
6.318007
6.320424
6.322857
6.325307
6.327770
6.330236
6.332672
6.335032
6.337360
6.339681
6.342003
6.344335
6.346677
6.349033
6.351403
6.353788
6.356188
6.358602
6.361032
6.363477
6.365938
6.368413
6.370904
6.373409
6.375930
6.378466
6.381017
6.383584
6.386165
6.388762
6.391374
6.394001
6.396644
6.399301
6.401974
6.404662
6.407365
6.410084
6.412818
6.415567
6.418331
6.421111
6.423906
6.426716
6.429542
6.432383
6.435239
6.438111
6.440997
6.443900
6.446817
6.449750
6.452698
6.455662
6.458640
6.461634
6.464644
6.467669
6.470709
6.473764
6.476835
6.479921
6.483022
6.486139
6.489271
6.492419
6.495582
6.498760
6.501954
6.505163
6.508388
6.511628
6.514883
6.518155
6.521440
6.524743
6.528061
6.531395
6.534744
6.538110
6.541492
6.544889
6.548303
6.551732
6.555179
6.558642
6.562122
6.565618
6.569132
6.572664
6.576212
6.579780
6.583364
6.586968
6.590590
6.594232
6.597894
6.601576
6.605278
6.609002
6.612748
6.616517
6.620309
6.624124
6.627964
6.631823
6.635688
6.639497
6.643307
6.647141
6.651004
6.654898
6.658824
6.662786
6.666782
6.670817
6.674890
6.679005
6.683162
6.687364
6.691613
6.695911
6.700261
6.704664
6.709123
6.713641
6.718220
6.722862
6.727569
6.732346
6.737194
6.742115
6.747113
6.752189
6.757346
6.762586
6.767911
6.773323
6.778823
6.784413
6.790094
6.795867
6.801732
6.807688
6.813737
6.819877
6.826107
6.832424
6.838829
6.845317
6.851884
6.858530
6.865250
6.872039
6.878892
6.885808
6.892778
6.899800
6.906868
6.913977
6.921120
6.928294
6.935492
6.942708
6.949935
6.957169
6.964398
6.971618
6.978817
6.985987
6.993114
7.000189
7.007199
7.014127
7.020964
7.027691
7.034298
7.040770
7.047094
7.053260
7.059257
7.065080
7.070722
7.076180
7.081454
7.086544
7.091457
7.096197
7.100767
7.105159
7.109364
7.113363
7.117121
7.120723
7.124254
7.127733
7.131068
7.134236
7.137090
7.139264
7.140916
7.142196
7.143199
7.143980
7.144580
7.145032
7.145362
7.145593
7.145744
7.145833
7.145872
7.145873
7.145844
7.145792
7.145719
7.145630
7.145525
7.145413
7.145275
7.145186
7.144985
7.144819
7.144707
7.144453
7.144312
7.144188
7.143919
7.143657
7.143512
7.143357
7.143059
7.142901
7.142620
7.142439
7.142212
7.141992
7.141768
7.141539
7.141306
7.141069
7.140830
7.140587
7.140341
7.140094
7.139844
7.139592
7.139340
7.139087
7.138832
7.138577
7.138320
7.138064
7.137807
7.137551
7.137293
7.137037
7.136782
7.136530
7.136281
7.136029
7.135758
7.135488
7.135282
7.135005
7.134652
7.134473
7.134191
7.133809
7.133611
7.133446
7.133138
7.132761
7.132583
7.132440
7.132196
7.131919
7.131679
7.131543
7.131372
7.131140
7.131054
7.130869
7.130735
7.130642
7.130539
7.130465
7.130414
7.130386
7.130386
7.130416
7.130479
7.130581
7.130727
7.130921
7.131166
7.131467
7.131822
7.132218
7.132642
7.133070
7.133485
7.133894
7.134320
7.134805
7.135527
7.136854
