6.133316
6.133285
6.133240
6.133191
6.133147
6.133112
6.133082
6.133055
6.133030
6.133006
6.132983
6.132960
6.132938
6.132917
6.132896
6.132875
6.132855
6.132835
6.132816
6.132797
6.132778
6.132760
6.132743
6.132725
6.132708
6.132692
6.132675
6.132660
6.132644
6.132629
6.132614
6.132600
6.132585
6.132572
6.132558
6.132545
6.132532
6.132519
6.132507
6.132495
6.132484
6.132472
6.132461
6.132450
6.132440
6.132430
6.132420
6.132410
6.132401
6.132391
6.132383
6.132374
6.132366
6.132358
6.132350
6.132342
6.132335
6.132328
6.132321
6.132315
6.132308
6.132302
6.132297
6.132291
6.132286
6.132282
6.132277
6.132273
6.132269
6.132266
6.132263
6.132260
6.132258
6.132256
6.132255
6.132255
6.132255
6.132256
6.132258
6.132262
6.132267
6.132274
6.132283
6.132294
6.132306
6.132321
6.132338
6.132357
6.132378
6.132402
6.132428
6.132456
6.132487
6.132521
6.132557
6.132597
6.132639
6.132684
6.132732
6.132783
6.132837
6.132895
6.132955
6.133020
6.133087
6.133159
6.133233
6.133312
6.133395
6.133481
6.133571
6.133666
6.133765
6.133868
6.133975
6.134087
6.134204
6.134325
6.134451
6.134582
6.134718
6.134860
6.135006
6.135158
6.135316
6.135479
6.135648
6.135823
6.136004
6.136191
6.136384
6.136584
6.136791
6.137004
6.137224
6.137452
6.137686
6.137928
6.138177
6.138434
6.138699
6.138971
6.139252
6.139541
6.139839
6.140145
6.140461
6.140785
6.141118
6.141461
6.141813
6.142175
6.142546
6.142929
6.143322
6.143724
6.144134
6.144553
6.144981
6.145418
6.145866
6.146323
6.146790
6.147268
6.147756
6.148254
6.148764
6.149284
6.149815
6.150358
6.150912
6.151479
6.152059
6.152654
6.153267
6.153903
6.154575
6.155307
6.156096
6.156916
6.157759
6.158622
6.159504
6.160405
6.161324
6.162261
6.163216
6.164190
6.165183
6.166193
6.167223
6.168272
6.169339
6.170425
6.171529
6.172652
6.173793
6.174952
6.176130
6.177325
6.178538
6.179770
6.181018
6.182285
6.183569
6.184870
6.186188
6.187523
6.188875
6.190243
6.191628
6.193030
6.194448
6.195882
6.197332
6.198798
6.200280
6.201777
6.203291
6.204820
6.206364
6.207925
6.209500
6.211092
6.212698
6.214321
6.215958
6.217612
6.219281
6.220965
6.222665
6.224381
6.226113
6.227860
6.229624
6.231403
6.233198
6.235010
6.236838
6.238682
6.240542
6.242419
6.244312
6.246222
6.248148
6.250092
6.252052
6.254029
6.256023
6.258034
6.260062
6.262107
6.264169
6.266248
6.268345
6.270459
6.272590
6.274739
6.276904
6.279088
6.281288
6.283506
6.285741
6.287993
6.290263
6.292550
6.294855
6.297176
6.299515
6.301871
6.304244
6.306635
6.309042
6.311467
6.313907
6.316358
6.318789
6.321082
6.323340
6.325606
6.327886
6.330182
6.332493
6.334818
6.337159
6.339516
6.341889
6.344276
6.346679
6.349098
6.351531
6.353980
6.356444
6.358924
6.361419
6.363930
6.366455
6.368997
6.371553
6.374125
6.376713
6.379316
6.381934
6.384568
6.387218
6.389884
6.392563
6.395260
6.397971
6.400700
6.403442
6.406201
6.408977
6.411766
6.414572
6.417396
6.420234
6.423088
6.425958
6.428844
6.431746
6.434664
6.437598
6.440549
6.443516
6.446499
6.449499
6.452515
6.455547
6.458596
6.461662
6.464744
6.467843
6.470959
6.474092
6.477242
6.480408
6.483592
6.486792
6.490010
6.493245
6.496498
6.499767
6.503055
6.506359
6.509681
6.513021
6.516378
6.519753
6.523145
6.526555
6.529983
6.533429
6.536892
6.540374
6.543873
6.547390
6.550925
6.554478
6.558049
6.561638
6.565245
6.568870
6.572512
6.576173
6.579851
6.583547
6.587261
6.590993
6.594742
6.598509
6.602294
6.606096
6.609915
6.613752
6.617603
6.621454
6.625221
6.628987
6.632767
6.636563
6.640375
6.644202
6.648045
6.651905
6.655779
6.659670
6.663575
6.667495
6.671431
6.675381
6.679345
6.683324
6.687317
6.691323
6.695344
6.699377
6.703424
6.707484
6.711557
6.715642
6.719739
6.723848
6.727969
6.732101
6.736244
6.740398
6.744563
6.748738
6.752923
6.757117
6.761321
6.765534
6.769756
6.773986
6.778225
6.782472
6.786727
6.790990
6.795260
6.799538
6.803823
6.808115
6.812415
6.816723
6.821038
6.825361
6.829692
6.834032
6.838381
6.842740
6.847110
6.851492
6.855888
6.860298
6.864724
6.869169
6.873635
6.878124
6.882641
6.887189
6.891770
6.896391
6.901057
6.905773
6.910546
6.915385
6.920296
6.925290
6.930376
6.935566
6.940872
6.946308
6.951888
6.957627
6.963544
6.969656
6.975983
6.982544
6.989363
6.996461
7.003864
7.011595
7.019680
7.028145
7.037017
7.046323
7.056089
7.066344
7.077113
7.088422
7.100298
7.112764
7.125844
7.139560
7.153933
7.169012
7.185237
7.202220
7.219944
7.238418
7.257647
7.277635
7.298382
7.319882
7.342131
7.365116
7.388825
7.413239
7.438334
7.464088
7.490469
7.517444
7.544971
7.573005
7.601496
7.630381
7.659593
7.689052
7.718667
7.748335
7.777943
7.807364
7.836472
7.865137
7.893248
7.920721
7.947487
7.973446
7.998298
8.020898
8.040731
8.057215
8.070053
8.079252
8.084869
8.087164
8.087206
8.087072
8.086917
8.086739
8.086636
8.086429
8.086328
8.086098
8.085972
8.085788
8.085594
8.085400
8.085197
8.084985
8.084763
8.084531
8.084286
8.084033
8.083769
8.083495
8.083211
8.082918
8.082619
8.082308
8.081992
8.081667
8.081334
8.080992
8.080640
8.080276
8.079900
8.079506
8.079094
8.078661
8.078203
8.077720
8.077215
8.076695
8.076172
8.075655
8.075150
8.074650
8.074147
8.073622
8.073030
8.072244
8.071266
8.070081
8.068701
8.067765
8.066895
8.065790
8.064334
8.062166
8.059502
8.056593
8.052672
8.046864
8.036899
