6.149107
6.149079
6.149041
6.148999
6.148962
6.148933
6.148909
6.148888
6.148869
6.148851
6.148835
6.148819
6.148805
6.148792
6.148779
6.148767
6.148756
6.148746
6.148737
6.148729
6.148722
6.148715
6.148710
6.148705
6.148701
6.148698
6.148697
6.148696
6.148696
6.148698
6.148700
6.148704
6.148709
6.148716
6.148724
6.148733
6.148745
6.148758
6.148772
6.148789
6.148807
6.148828
6.148851
6.148876
6.148903
6.148932
6.148964
6.148999
6.149037
6.149077
6.149120
6.149165
6.149214
6.149266
6.149321
6.149379
6.149440
6.149505
6.149573
6.149644
6.149719
6.149796
6.149878
6.149962
6.150050
6.150142
6.150237
6.150335
6.150436
6.150541
6.150649
6.150761
6.150875
6.150992
6.151113
6.151237
6.151370
6.151544
6.151732
6.151927
6.152128
6.152334
6.152546
6.152763
6.152985
6.153212
6.153444
6.153681
6.153924
6.154172
6.154424
6.154682
6.154945
6.155212
6.155485
6.155763
6.156046
6.156335
6.156628
6.156927
6.157231
6.157540
6.157855
6.158175
6.158500
6.158830
6.159166
6.159507
6.159854
6.160206
6.160564
6.160927
6.161295
6.161670
6.162049
6.162435
6.162826
6.163223
6.163625
6.164034
6.164448
6.164868
6.165294
6.165725
6.166163
6.166606
6.167055
6.167510
6.167972
6.168439
6.168913
6.169392
6.169878
6.170371
6.170869
6.171374
6.171886
6.172403
6.172928
6.173459
6.173996
6.174540
6.175091
6.175649
6.176213
6.176785
6.177363
6.177948
6.178540
6.179139
6.179745
6.180358
6.180978
6.181605
6.182240
6.182882
6.183531
6.184188
6.184852
6.185523
6.186202
6.186888
6.187581
6.188282
6.188991
6.189706
6.190430
6.191161
6.191899
6.192646
6.193402
6.194168
6.194946
6.195739
6.196552
6.197397
6.198296
6.199316
6.200413
6.201551
6.202714
6.203893
6.205084
6.206287
6.207502
6.208729
6.209969
6.211221
6.212487
6.213766
6.215059
6.216366
6.217686
6.219021
6.220370
6.221734
6.223112
6.224504
6.225912
6.227335
6.228773
6.230226
6.231694
6.233178
6.234678
6.236194
6.237725
6.239273
6.240837
6.242417
6.244014
6.245628
6.247258
6.248905
6.250569
6.252251
6.253950
6.255666
6.257400
6.259152
6.260922
6.262709
6.264515
6.266339
6.268182
6.270043
6.271922
6.273821
6.275738
6.277675
6.279630
6.281605
6.283599
6.285613
6.287646
6.289699
6.291772
6.293865
6.295977
6.298110
6.300263
6.302437
6.304630
6.306845
6.309080
6.311335
6.313611
6.315908
6.318226
6.320565
6.322924
6.325305
6.327707
6.330130
6.332574
6.335040
6.337527
6.340035
6.342564
6.345115
6.347687
6.350280
6.352896
6.355532
6.358190
6.360870
6.363571
6.366293
6.369038
6.371803
6.374590
6.377397
6.380224
6.383070
6.385932
6.388804
6.391655
6.394401
6.397118
6.399835
6.402566
6.405314
6.408081
6.410867
6.413672
6.416496
6.419339
6.422201
6.425081
6.427980
6.430896
6.433831
6.436783
6.439753
6.442740
6.445744
6.448765
6.451803
6.454857
6.457927
6.461014
6.464116
6.467233
6.470365
6.473513
6.476674
6.479850
6.483040
6.486243
6.489459
6.492688
6.495930
6.499183
6.502449
6.505725
6.509012
6.512310
6.515618
6.518936
6.522263
6.525598
6.528942
6.532294
6.535653
6.539018
6.542391
6.545769
6.549153
6.552541
6.555934
6.559331
6.562731
6.566135
6.569540
6.572947
6.576356
6.579765
6.583175
6.586584
6.589992
6.593399
6.596804
6.600207
6.603606
6.607002
6.610394
6.613781
6.617163
6.620539
6.623908
6.627271
6.630627
6.633974
6.637313
6.640643
6.643964
6.647275
6.650575
6.653864
6.657141
6.660407
6.663660
6.666900
6.670126
6.673338
6.676536
6.679719
6.682886
6.686038
6.689173
6.692291
6.695391
6.698473
6.701536
6.704580
6.707602
6.710590
6.713520
6.716413
6.719281
6.722128
6.724954
6.727760
6.730544
6.733307
6.736048
6.738768
6.741465
6.744141
6.746793
6.749424
6.752031
6.754615
6.757176
6.759713
6.762227
6.764716
6.767182
6.769624
6.772041
6.774434
6.776803
6.779147
6.781466
6.783761
6.786031
6.788276
6.790496
6.792691
6.794861
6.797007
6.799127
6.801222
6.803293
6.805339
6.807359
6.809356
6.811327
6.813274
6.815196
6.817094
6.818968
6.820818
6.822644
6.824445
6.826223
6.827978
6.829709
6.831417
6.833102
6.834764
6.836403
6.838020
6.839615
6.841188
6.842739
6.844268
6.845776
6.847263
6.848729
6.850174
6.851599
6.853003
6.854387
6.855751
6.857095
6.858419
6.859724
6.861009
6.862274
6.863520
6.864746
6.865953
6.867140
6.868307
6.869455
6.870582
6.871690
6.872777
6.873844
6.874891
6.875916
6.876921
6.877904
6.878865
6.879806
6.880724
6.881621
6.882496
6.883349
6.884181
6.884991
6.885781
6.886551
6.887301
6.888034
6.888752
6.889459
6.890154
6.890835
6.891505
6.892164
6.892814
6.893458
6.894097
6.894733
6.895369
6.896007
6.896649
6.897297
6.897954
6.898622
6.899304
6.900002
6.900722
6.901467
6.902245
6.903064
6.903940
6.904895
6.905960
6.907184
6.908622
6.910326
6.912317
6.914558
6.916952
6.919373
6.921703
6.923855
6.925780
6.927461
6.928900
6.930112
6.931121
6.931958
6.932658
6.933262
6.933800
6.934324
6.935049
6.938173
6.957898
7.010468
7.084334
7.165924
7.250387
7.335677
7.420785
7.505154
7.588448
7.670462
7.751074
7.830220
7.907880
7.984045
8.058655
8.131387
8.202623
8.272382
8.340604
8.407244
8.472304
8.535821
8.597790
8.658051
8.716171
8.771437
8.823215
8.872337
8.919304
8.964789
9.003086
9.034130
9.059459
9.080204
9.097287
9.111485
9.123435
9.133638
9.142472
9.150221
9.157099
9.163269
9.168859
9.173966
9.178673
9.183039
9.187115
9.190946
9.194574
9.198041
9.201390
9.204675
9.207976
9.211444
