6.133316
6.133285
6.133240
6.133191
6.133147
6.133112
6.133082
6.133055
6.133030
6.133006
6.132983
6.132960
6.132938
6.132917
6.132896
6.132875
6.132855
6.132835
6.132816
6.132797
6.132778
6.132760
6.132743
6.132725
6.132708
6.132692
6.132675
6.132660
6.132644
6.132629
6.132614
6.132600
6.132585
6.132572
6.132558
6.132545
6.132532
6.132519
6.132507
6.132495
6.132484
6.132472
6.132461
6.132450
6.132440
6.132430
6.132420
6.132410
6.132401
6.132391
6.132383
6.132374
6.132366
6.132358
6.132350
6.132342
6.132335
6.132328
6.132321
6.132315
6.132308
6.132302
6.132297
6.132291
6.132286
6.132282
6.132277
6.132273
6.132269
6.132266
6.132263
6.132260
6.132258
6.132256
6.132255
6.132254
6.132255
6.132256
6.132258
6.132262
6.132267
6.132274
6.132283
6.132293
6.132306
6.132320
6.132337
6.132356
6.132377
6.132401
6.132427
6.132455
6.132486
6.132520
6.132556
6.132595
6.132637
6.132682
6.132730
6.132781
6.132836
6.132893
6.132954
6.133018
6.133086
6.133157
6.133232
6.133310
6.133393
6.133479
6.133569
6.133664
6.133763
6.133866
6.133973
6.134085
6.134201
6.134323
6.134449
6.134580
6.134716
6.134857
6.135004
6.135155
6.135313
6.135476
6.135645
6.135820
6.136001
6.136189
6.136382
6.136582
6.136789
6.137002
6.137222
6.137449
6.137684
6.137925
6.138175
6.138431
6.138696
6.138969
6.139250
6.139539
6.139837
6.140143
6.140459
6.140783
6.141115
6.141458
6.141811
6.142173
6.142545
6.142929
6.143322
6.143722
6.144131
6.144550
6.144978
6.145416
6.145863
6.146320
6.146787
6.147264
6.147752
6.148250
6.148759
6.149279
6.149810
6.150352
6.150906
6.151472
6.152052
6.152646
6.153258
6.153896
6.154566
6.155299
6.156088
6.156909
6.157753
6.158616
6.159498
6.160398
6.161317
6.162255
6.163210
6.164185
6.165178
6.166189
6.167219
6.168268
6.169335
6.170421
6.171525
6.172648
6.173789
6.174949
6.176126
6.177321
6.178535
6.179766
6.181015
6.182281
6.183565
6.184866
6.186184
6.187520
6.188872
6.190240
6.191625
6.193027
6.194445
6.195879
6.197329
6.198795
6.200277
6.201774
6.203288
6.204817
6.206361
6.207922
6.209497
6.211089
6.212695
6.214318
6.215955
6.217609
6.219277
6.220962
6.222662
6.224378
6.226109
6.227857
6.229620
6.231399
6.233195
6.235006
6.236834
6.238678
6.240538
6.242415
6.244308
6.246218
6.248144
6.250088
6.252048
6.254025
6.256019
6.258030
6.260058
6.262103
6.264165
6.266244
6.268341
6.270455
6.272586
6.274734
6.276900
6.279083
6.281284
6.283501
6.285737
6.287989
6.290259
6.292546
6.294850
6.297172
6.299511
6.301867
6.304240
6.306630
6.309038
6.311463
6.313903
6.316354
6.318785
6.321078
6.323334
6.325600
6.327880
6.330176
6.332487
6.334813
6.337155
6.339512
6.341884
6.344272
6.346675
6.349093
6.351527
6.353976
6.356440
6.358920
6.361415
6.363925
6.366451
6.368992
6.371549
6.374121
6.376708
6.379311
6.381930
6.384563
6.387213
6.389878
6.392559
6.395255
6.397967
6.400694
6.403437
6.406196
6.408971
6.411761
6.414568
6.417390
6.420228
6.423082
6.425952
6.428838
6.431740
6.434658
6.437592
6.440543
6.443510
6.446493
6.449492
6.452508
6.455541
6.458590
6.461656
6.464738
6.467837
6.470953
6.474086
6.477235
6.480402
6.483585
6.486786
6.490004
6.493239
6.496491
6.499761
6.503048
6.506353
6.509675
6.513014
6.516371
6.519746
6.523139
6.526549
6.529977
6.533422
6.536886
6.540367
6.543867
6.547384
6.550919
6.554472
6.558043
6.561632
6.565238
6.568863
6.572506
6.576166
6.579845
6.583541
6.587255
6.590986
6.594736
6.598503
6.602287
6.606090
6.609909
6.613746
6.617597
6.621449
6.625215
6.628981
6.632761
6.636557
6.640369
6.644197
6.648041
6.651900
6.655775
6.659665
6.663571
6.667491
6.671427
6.675377
6.679341
6.683320
6.687313
6.691320
6.695340
6.699374
6.703421
6.707481
6.711554
6.715639
6.719736
6.723846
6.727966
6.732099
6.736242
6.740396
6.744561
6.748736
6.752920
6.757115
6.761319
6.765532
6.769754
6.773984
6.778223
6.782470
6.786725
6.790988
6.795259
6.799537
6.803822
6.808114
6.812414
6.816722
6.821037
6.825360
6.829691
6.834031
6.838380
6.842739
6.847109
6.851491
6.855886
6.860295
6.864722
6.869167
6.873632
6.878121
6.882636
6.887183
6.891763
6.896384
6.901048
6.905763
6.910534
6.915372
6.920281
6.925273
6.930356
6.935544
6.940847
6.946280
6.951856
6.957591
6.963504
6.969612
6.975934
6.982490
6.989304
6.996397
7.003793
7.011519
7.019597
7.028056
7.036922
7.046221
7.055980
7.066228
7.076990
7.088293
7.100162
7.112622
7.125696
7.139406
7.153775
7.168848
7.185069
7.202048
7.219769
7.238241
7.257469
7.277456
7.298202
7.319705
7.341956
7.364945
7.388658
7.413077
7.438180
7.463942
7.490333
7.517319
7.544861
7.572913
7.601426
7.630345
7.659608
7.689154
7.718927
7.748891
7.779042
7.809427
7.840138
7.871258
7.902731
7.934149
7.964621
7.992929
8.017958
8.039115
8.056297
8.070150
8.081207
8.089917
8.096551
8.101539
8.105402
8.108453
8.110855
8.112693
8.114016
8.114818
8.115276
8.115521
8.115658
8.115742
8.115789
8.115823
8.115846
8.115866
8.115885
8.115901
8.115912
8.115928
8.115943
8.115962
8.115983
8.116009
8.116045
8.116085
8.116136
8.116199
8.116275
8.116369
8.116483
8.116618
8.116783
8.116983
8.117225
8.117527
8.117914
8.118422
8.119067
8.119781
8.120445
8.121004
8.121465
8.121858
8.122194
8.122481
8.122725
8.122924
8.123075
8.123168
8.123199
8.123159
8.123030
8.122848
8.122641
8.122311
8.121828
8.121122
8.120063
8.118369
8.115157
