6.133606
6.133574
6.133529
6.133480
6.133436
6.133401
6.133371
6.133344
6.133319
6.133295
6.133272
6.133250
6.133228
6.133207
6.133186
6.133165
6.133145
6.133126
6.133106
6.133088
6.133069
6.133051
6.133034
6.133016
6.132999
6.132983
6.132967
6.132951
6.132936
6.132921
6.132906
6.132892
6.132878
6.132864
6.132851
6.132838
6.132825
6.132813
6.132801
6.132789
6.132777
6.132766
6.132755
6.132745
6.132734
6.132724
6.132715
6.132705
6.132696
6.132687
6.132678
6.132670
6.132662
6.132654
6.132646
6.132639
6.132632
6.132625
6.132619
6.132613
6.132607
6.132601
6.132596
6.132591
6.132586
6.132582
6.132578
6.132574
6.132571
6.132568
6.132565
6.132563
6.132562
6.132561
6.132561
6.132561
6.132563
6.132565
6.132569
6.132575
6.132582
6.132591
6.132602
6.132615
6.132630
6.132648
6.132667
6.132689
6.132713
6.132739
6.132768
6.132800
6.132834
6.132871
6.132910
6.132953
6.132998
6.133046
6.133098
6.133152
6.133210
6.133271
6.133335
6.133403
6.133475
6.133550
6.133628
6.133711
6.133797
6.133888
6.133982
6.134080
6.134183
6.134290
6.134402
6.134518
6.134639
6.134764
6.134895
6.135030
6.135170
6.135316
6.135467
6.135623
6.135785
6.135953
6.136126
6.136305
6.136491
6.136682
6.136880
6.137084
6.137295
6.137513
6.137737
6.137969
6.138207
6.138453
6.138706
6.138967
6.139236
6.139512
6.139797
6.140090
6.140391
6.140700
6.141019
6.141346
6.141683
6.142028
6.142383
6.142748
6.143122
6.143507
6.143903
6.144307
6.144720
6.145141
6.145572
6.146012
6.146461
6.146920
6.147389
6.147868
6.148358
6.148858
6.149368
6.149889
6.150421
6.150964
6.151518
6.152085
6.152665
6.153260
6.153873
6.154509
6.155180
6.155912
6.156698
6.157517
6.158358
6.159218
6.160098
6.160995
6.161911
6.162844
6.163796
6.164767
6.165755
6.166762
6.167788
6.168832
6.169895
6.170976
6.172076
6.173194
6.174331
6.175485
6.176658
6.177849
6.179058
6.180285
6.181530
6.182793
6.184073
6.185370
6.186685
6.188017
6.189366
6.190733
6.192116
6.193515
6.194931
6.196364
6.197813
6.199279
6.200760
6.202258
6.203771
6.205301
6.206846
6.208408
6.209985
6.211577
6.213186
6.214810
6.216450
6.218106
6.219777
6.221464
6.223167
6.224886
6.226620
6.228371
6.230137
6.231919
6.233718
6.235532
6.237363
6.239210
6.241073
6.242953
6.244849
6.246761
6.248690
6.250636
6.252599
6.254578
6.256574
6.258587
6.260617
6.262664
6.264727
6.266808
6.268906
6.271022
6.273154
6.275303
6.277470
6.279654
6.281855
6.284073
6.286309
6.288562
6.290832
6.293119
6.295423
6.297745
6.300084
6.302440
6.304813
6.307203
6.309610
6.312034
6.314474
6.316924
6.319355
6.321650
6.323908
6.326174
6.328454
6.330749
6.333060
6.335385
6.337727
6.340083
6.342455
6.344843
6.347246
6.349664
6.352097
6.354546
6.357010
6.359489
6.361984
6.364495
6.367020
6.369561
6.372118
6.374690
6.377277
6.379880
6.382499
6.385133
6.387782
6.390447
6.393128
6.395824
6.398536
6.401263
6.404007
6.406766
6.409541
6.412331
6.415138
6.417960
6.420798
6.423653
6.426523
6.429409
6.432312
6.435230
6.438165
6.441116
6.444083
6.447067
6.450067
6.453083
6.456116
6.459165
6.462231
6.465314
6.468414
6.471530
6.474663
6.477813
6.480980
6.484164
6.487365
6.490583
6.493818
6.497070
6.500340
6.503627
6.506931
6.510253
6.513592
6.516949
6.520324
6.523715
6.527125
6.530552
6.533997
6.537460
6.540940
6.544438
6.547954
6.551487
6.555038
6.558607
6.562194
6.565799
6.569421
6.573061
6.576719
6.580395
6.584088
6.587798
6.591527
6.595273
6.599036
6.602816
6.606614
6.610429
6.614261
6.618108
6.621954
6.625715
6.629476
6.633251
6.637041
6.640847
6.644668
6.648506
6.652358
6.656226
6.660109
6.664007
6.667920
6.671848
6.675790
6.679746
6.683716
6.687700
6.691698
6.695709
6.699733
6.703771
6.707821
6.711883
6.715958
6.720045
6.724144
6.728254
6.732375
6.736507
6.740650
6.744803
6.748967
6.753140
6.757324
6.761516
6.765718
6.769929
6.774149
6.778377
6.782614
6.786860
6.791113
6.795375
6.799645
6.803924
6.808211
6.812507
6.816812
6.821126
6.825449
6.829784
6.834129
6.838487
6.842858
6.847243
6.851645
6.856064
6.860503
6.864965
6.869451
6.873966
6.878512
6.883093
6.887714
6.892381
6.897098
6.901872
6.906710
6.911620
6.916610
6.921689
6.926868
6.932158
6.937572
6.943122
6.948822
6.954688
6.960736
6.966983
6.973448
6.980150
6.987108
6.994345
7.001881
7.009740
7.017944
7.026516
7.035481
7.044863
7.054684
7.064969
7.075742
7.087025
7.098840
7.111209
7.124152
7.137689
7.151838
7.166617
7.182071
7.198647
7.215946
7.233950
7.252666
7.272102
7.292264
7.313154
7.334775
7.357125
7.380199
7.403989
7.428479
7.453650
7.479471
7.505904
7.532897
7.560384
7.588284
7.616499
7.644917
7.673408
7.701837
7.730061
7.757944
7.785365
7.812233
7.838492
7.864125
7.889119
7.913382
7.936633
7.958385
7.978063
7.994829
8.008789
8.020108
8.029045
8.035917
8.041061
8.044814
8.047499
8.049331
8.050492
8.051170
8.051455
8.051609
8.051698
8.051760
8.051808
8.051848
8.051884
8.051917
8.051950
8.051983
8.052017
8.052054
8.052095
8.052140
8.052191
8.052250
8.052317
8.052394
8.052484
8.052590
8.052713
8.052858
8.053029
8.053230
8.053468
8.053750
8.054106
8.054689
8.056195
8.058903
8.061158
8.062697
8.063882
8.064882
8.065757
8.066530
8.067215
8.067821
8.068354
8.068819
8.069218
8.069553
8.069822
8.070026
8.070160
8.070220
8.070196
8.070076
8.069837
8.069445
8.068840
8.067910
8.066435
8.063895
8.058722
