6.166562
6.166528
6.166480
6.166428
6.166382
6.166346
6.166316
6.166289
6.166264
6.166240
6.166217
6.166195
6.166174
6.166153
6.166133
6.166113
6.166094
6.166075
6.166057
6.166039
6.166021
6.166004
6.165988
6.165972
6.165956
6.165940
6.165925
6.165910
6.165896
6.165882
6.165869
6.165855
6.165842
6.165830
6.165818
6.165806
6.165794
6.165783
6.165772
6.165761
6.165751
6.165741
6.165731
6.165722
6.165713
6.165704
6.165695
6.165687
6.165679
6.165672
6.165664
6.165657
6.165650
6.165644
6.165638
6.165632
6.165626
6.165621
6.165616
6.165611
6.165607
6.165603
6.165599
6.165596
6.165593
6.165591
6.165589
6.165587
6.165586
6.165585
6.165585
6.165586
6.165587
6.165590
6.165593
6.165597
6.165602
6.165610
6.165619
6.165630
6.165644
6.165660
6.165679
6.165700
6.165724
6.165751
6.165781
6.165814
6.165851
6.165892
6.165936
6.165985
6.166037
6.166094
6.166155
6.166221
6.166291
6.166366
6.166446
6.166531
6.166623
6.166720
6.166822
6.166929
6.167042
6.167160
6.167285
6.167416
6.167553
6.167696
6.167846
6.168003
6.168167
6.168337
6.168514
6.168698
6.168889
6.169087
6.169291
6.169503
6.169721
6.169947
6.170179
6.170419
6.170667
6.170922
6.171185
6.171456
6.171736
6.172023
6.172319
6.172623
6.172936
6.173258
6.173588
6.173928
6.174277
6.174634
6.175001
6.175378
6.175764
6.176161
6.176567
6.176983
6.177410
6.177846
6.178293
6.178751
6.179219
6.179698
6.180187
6.180688
6.181199
6.181722
6.182256
6.182801
6.183358
6.183926
6.184505
6.185096
6.185699
6.186314
6.186940
6.187579
6.188229
6.188891
6.189564
6.190250
6.190948
6.191658
6.192381
6.193117
6.193867
6.194631
6.195407
6.196202
6.197045
6.198081
6.199160
6.200257
6.201373
6.202506
6.203658
6.204826
6.206011
6.207212
6.208430
6.209663
6.210913
6.212178
6.213458
6.214754
6.216064
6.217389
6.218728
6.220081
6.221449
6.222830
6.224225
6.225634
6.227056
6.228492
6.229940
6.231402
6.232876
6.234364
6.235865
6.237378
6.238905
6.240445
6.241997
6.243563
6.245142
6.246734
6.248340
6.249959
6.251591
6.253237
6.254897
6.256570
6.258257
6.259959
6.261674
6.263404
6.265149
6.266907
6.268681
6.270470
6.272273
6.274092
6.275927
6.277776
6.279642
6.281523
6.283419
6.285332
6.287261
6.289207
6.291169
6.293147
6.295141
6.297153
6.299181
6.301226
6.303289
6.305368
6.307465
6.309578
6.311710
6.313859
6.316025
6.318209
6.320411
6.322631
6.324869
6.327124
6.329398
6.331690
6.334000
6.336328
6.338674
6.341039
6.343422
6.345824
6.348244
6.350682
6.353139
6.355614
6.358108
6.360620
6.363151
6.365700
6.368267
6.370853
6.373457
6.376080
6.378709
6.381135
6.383567
6.386016
6.388481
6.390963
6.393461
6.395977
6.398510
6.401060
6.403628
6.406212
6.408814
6.411433
6.414069
6.416722
6.419393
6.422081
6.424786
6.427509
6.430248
6.433005
6.435779
6.438571
6.441379
6.444204
6.447047
6.449906
6.452783
6.455676
6.458586
6.461513
6.464456
6.467416
6.470392
6.473385
6.476394
6.479419
6.482460
6.485518
6.488590
6.491679
6.494783
6.497903
6.501037
6.504187
6.507351
6.510530
6.513724
6.516932
6.520154
6.523390
6.526640
6.529903
6.533179
6.536468
6.539770
6.543084
6.546411
6.549749
6.553099
6.556460
6.559832
6.563215
6.566608
6.570011
6.573423
6.576845
6.580276
6.583715
6.587162
6.590617
6.594079
6.597548
6.601023
6.604505
6.607991
6.611483
6.614980
6.618482
6.621987
6.625496
6.629009
6.632526
6.636046
6.639569
6.643096
6.646628
6.650163
6.653704
6.657250
6.660801
6.664360
6.667925
6.671498
6.675078
6.678666
6.682263
6.685866
6.689475
6.693085
6.696598
6.700109
6.703624
6.707141
6.710660
6.714181
6.717702
6.721221
6.724739
6.728253
6.731762
6.735265
6.738760
6.742246
6.745721
6.749184
6.752634
6.756070
6.759491
6.762898
6.766289
6.769663
6.773022
6.776363
6.779687
6.782991
6.786275
6.789537
6.792775
6.795985
6.799164
6.802310
6.805417
6.808483
6.811504
6.814476
6.817398
6.820269
6.823088
6.825856
6.828572
6.831236
6.833849
6.836409
6.838914
6.841364
6.843754
6.846085
6.848352
6.850554
6.852688
6.854750
6.856738
6.858648
6.860477
6.862220
6.863874
6.865438
6.866909
6.868286
6.869569
6.870758
6.871857
6.872872
6.873807
6.874670
6.875467
6.876204
6.876888
6.877524
6.878118
6.878672
6.879193
6.879682
6.880144
6.880582
6.880998
6.881395
6.881776
6.882143
6.882498
6.882843
6.883180
6.883512
6.883840
6.884166
6.884491
6.884818
6.885149
6.885485
6.885828
6.886181
6.886547
6.886929
6.887328
6.887750
6.888197
6.888674
6.889185
6.889735
6.890341
6.891002
6.891728
6.892530
6.893421
6.894415
6.895531
6.896786
6.898205
6.899815
6.901647
6.903740
6.906141
6.908905
6.912100
6.915801
6.920097
6.925089
6.930894
6.937644
6.945491
6.954602
6.965167
6.977387
6.991480
7.007674
7.026207
7.047314
7.071233
7.098190
7.128403
7.162085
7.199459
7.240808
7.286540
7.337213
7.393372
7.455088
7.521520
7.591100
7.663884
7.736618
7.808519
7.879287
7.948891
8.017420
8.084976
8.151627
8.217386
8.282205
8.345922
8.408068
8.467681
8.524904
8.577941
8.618633
8.644253
8.659665
8.668329
8.672920
8.673653
8.673678
8.673587
8.673487
8.673212
8.673090
8.672734
8.672552
8.672224
8.671954
8.671649
8.671319
8.670967
8.670592
8.670196
8.669777
8.669337
8.668875
8.668391
8.667884
8.667355
8.666802
8.666224
8.665618
8.664985
8.664319
8.663618
8.662876
8.662086
8.661240
8.660324
8.659322
8.658206
8.656933
8.655429
8.653551
8.651014
8.647480
8.641815
