6.133606
6.133574
6.133529
6.133480
6.133436
6.133401
6.133371
6.133344
6.133319
6.133295
6.133272
6.133250
6.133228
6.133207
6.133186
6.133165
6.133145
6.133126
6.133106
6.133088
6.133069
6.133051
6.133034
6.133016
6.132999
6.132983
6.132967
6.132951
6.132936
6.132921
6.132906
6.132892
6.132878
6.132864
6.132851
6.132838
6.132825
6.132813
6.132801
6.132789
6.132777
6.132766
6.132755
6.132745
6.132734
6.132724
6.132715
6.132705
6.132696
6.132687
6.132678
6.132670
6.132662
6.132654
6.132646
6.132639
6.132632
6.132625
6.132619
6.132613
6.132607
6.132601
6.132596
6.132591
6.132586
6.132582
6.132578
6.132574
6.132571
6.132568
6.132565
6.132563
6.132562
6.132561
6.132561
6.132561
6.132563
6.132565
6.132569
6.132575
6.132582
6.132591
6.132602
6.132615
6.132631
6.132648
6.132667
6.132689
6.132713
6.132739
6.132768
6.132800
6.132834
6.132871
6.132910
6.132953
6.132998
6.133047
6.133098
6.133153
6.133210
6.133271
6.133336
6.133404
6.133475
6.133550
6.133629
6.133711
6.133798
6.133888
6.133983
6.134081
6.134184
6.134291
6.134403
6.134519
6.134639
6.134765
6.134895
6.135031
6.135171
6.135317
6.135468
6.135624
6.135786
6.135954
6.136127
6.136306
6.136492
6.136683
6.136881
6.137085
6.137296
6.137514
6.137738
6.137970
6.138208
6.138454
6.138707
6.138968
6.139237
6.139513
6.139798
6.140091
6.140392
6.140702
6.141020
6.141347
6.141683
6.142029
6.142384
6.142748
6.143122
6.143505
6.143899
6.144302
6.144718
6.145140
6.145572
6.146012
6.146461
6.146921
6.147390
6.147869
6.148359
6.148859
6.149369
6.149890
6.150422
6.150966
6.151521
6.152088
6.152668
6.153264
6.153877
6.154515
6.155186
6.155917
6.156701
6.157518
6.158358
6.159219
6.160099
6.160997
6.161913
6.162847
6.163800
6.164770
6.165759
6.166766
6.167792
6.168836
6.169898
6.170979
6.172078
6.173196
6.174333
6.175487
6.176660
6.177851
6.179060
6.180287
6.181532
6.182794
6.184075
6.185372
6.186687
6.188019
6.189368
6.190734
6.192117
6.193517
6.194933
6.196366
6.197815
6.199280
6.200762
6.202259
6.203773
6.205303
6.206848
6.208409
6.209986
6.211579
6.213188
6.214812
6.216452
6.218108
6.219779
6.221466
6.223169
6.224888
6.226622
6.228373
6.230139
6.231921
6.233720
6.235534
6.237365
6.239212
6.241075
6.242955
6.244851
6.246763
6.248692
6.250638
6.252601
6.254580
6.256576
6.258589
6.260619
6.262666
6.264730
6.266810
6.268909
6.271024
6.273156
6.275305
6.277472
6.279656
6.281857
6.284075
6.286311
6.288564
6.290834
6.293121
6.295425
6.297747
6.300086
6.302442
6.304815
6.307205
6.309612
6.312036
6.314475
6.316924
6.319353
6.321652
6.323913
6.326178
6.328457
6.330752
6.333062
6.335388
6.337729
6.340086
6.342458
6.344845
6.347248
6.349666
6.352099
6.354548
6.357012
6.359492
6.361987
6.364497
6.367022
6.369564
6.372120
6.374692
6.377280
6.379882
6.382501
6.385135
6.387784
6.390449
6.393130
6.395826
6.398538
6.401266
6.404009
6.406768
6.409543
6.412334
6.415140
6.417962
6.420801
6.423655
6.426525
6.429412
6.432314
6.435232
6.438167
6.441118
6.444085
6.447069
6.450069
6.453085
6.456118
6.459168
6.462234
6.465317
6.468416
6.471532
6.474665
6.477815
6.480982
6.484166
6.487367
6.490585
6.493820
6.497073
6.500343
6.503630
6.506934
6.510256
6.513595
6.516952
6.520326
6.523718
6.527128
6.530555
6.534000
6.537462
6.540942
6.544440
6.547956
6.551490
6.555041
6.558610
6.562197
6.565802
6.569424
6.573064
6.576722
6.580397
6.584090
6.587801
6.591529
6.595275
6.599038
6.602819
6.606617
6.610432
6.614264
6.618110
6.621956
6.625717
6.629479
6.633253
6.637043
6.640849
6.644671
6.648508
6.652361
6.656229
6.660112
6.664010
6.667922
6.671850
6.675792
6.679748
6.683718
6.687702
6.691700
6.695711
6.699735
6.703773
6.707823
6.711885
6.715960
6.720047
6.724145
6.728255
6.732376
6.736508
6.740651
6.744805
6.748968
6.753142
6.757325
6.761517
6.765719
6.769930
6.774150
6.778378
6.782615
6.786861
6.791114
6.795376
6.799646
6.803925
6.808212
6.812508
6.816812
6.821126
6.825450
6.829785
6.834130
6.838488
6.842859
6.847245
6.851646
6.856066
6.860505
6.864967
6.869454
6.873968
6.878515
6.883096
6.887718
6.892385
6.897103
6.901878
6.906717
6.911627
6.916618
6.921699
6.926879
6.932170
6.937585
6.943136
6.948838
6.954706
6.960756
6.967005
6.973472
6.980176
6.987137
6.994376
7.001915
7.009776
7.017983
7.026558
7.035526
7.044910
7.054734
7.065022
7.075797
7.087082
7.098900
7.111270
7.124214
7.137751
7.151898
7.166674
7.182123
7.198688
7.215972
7.233954
7.252641
7.272037
7.292146
7.312969
7.334506
7.356752
7.379703
7.403350
7.427679
7.452675
7.478312
7.504562
7.531381
7.558716
7.586500
7.614647
7.643056
7.671608
7.700170
7.728600
7.756751
7.784480
7.811662
7.838207
7.864075
7.889299
7.913915
7.937632
7.959322
7.977785
7.992535
8.003670
8.011732
8.017519
8.021697
8.024701
8.026501
8.027398
8.027821
8.028035
8.028153
8.028222
8.028261
8.028280
8.028286
8.028283
8.028274
8.028259
8.028240
8.028219
8.028197
8.028174
8.028152
8.028131
8.028113
8.028099
8.028090
8.028087
8.028092
8.028107
8.028133
8.028173
8.028228
8.028303
8.028399
8.028520
8.028668
8.028848
8.029063
8.029317
8.029614
8.029956
8.030349
8.030795
8.031296
8.031857
8.032479
8.033162
8.033908
8.034715
8.035581
8.036502
8.037474
8.038489
8.039540
8.040617
8.041711
8.042809
8.043899
8.044970
8.046010
8.047006
8.047942
8.048788
8.049473
8.049764
