6.166422
6.166392
6.166349
6.166301
6.166258
6.166225
6.166196
6.166170
6.166145
6.166122
6.166100
6.166078
6.166057
6.166037
6.166017
6.165997
6.165978
6.165959
6.165941
6.165923
6.165906
6.165888
6.165872
6.165855
6.165839
6.165824
6.165809
6.165794
6.165779
6.165765
6.165751
6.165738
6.165725
6.165712
6.165700
6.165688
6.165676
6.165665
6.165653
6.165643
6.165632
6.165622
6.165612
6.165603
6.165593
6.165584
6.165576
6.165567
6.165559
6.165552
6.165544
6.165537
6.165530
6.165524
6.165518
6.165512
6.165506
6.165501
6.165496
6.165492
6.165487
6.165484
6.165480
6.165477
6.165475
6.165473
6.165471
6.165470
6.165470
6.165470
6.165471
6.165472
6.165475
6.165478
6.165482
6.165488
6.165494
6.165502
6.165512
6.165524
6.165538
6.165555
6.165574
6.165596
6.165621
6.165648
6.165679
6.165714
6.165752
6.165793
6.165839
6.165888
6.165941
6.165999
6.166061
6.166128
6.166199
6.166275
6.166356
6.166442
6.166534
6.166631
6.166733
6.166841
6.166954
6.167074
6.167200
6.167332
6.167470
6.167615
6.167766
6.167924
6.168089
6.168261
6.168441
6.168628
6.168820
6.169018
6.169222
6.169434
6.169652
6.169877
6.170110
6.170349
6.170597
6.170852
6.171115
6.171385
6.171664
6.171951
6.172246
6.172550
6.172862
6.173183
6.173513
6.173851
6.174199
6.174555
6.174921
6.175297
6.175681
6.176076
6.176480
6.176894
6.177318
6.177752
6.178197
6.178651
6.179116
6.179592
6.180078
6.180575
6.181083
6.181601
6.182131
6.182671
6.183223
6.183786
6.184361
6.184946
6.185543
6.186152
6.186772
6.187404
6.188048
6.188703
6.189370
6.190049
6.190739
6.191441
6.192155
6.192881
6.193619
6.194372
6.195143
6.195943
6.196799
6.197803
6.198867
6.199956
6.201064
6.202189
6.203332
6.204491
6.205666
6.206858
6.208066
6.209291
6.210530
6.211786
6.213056
6.214342
6.215642
6.216958
6.218287
6.219631
6.220989
6.222361
6.223747
6.225146
6.226559
6.227985
6.229425
6.230878
6.232344
6.233823
6.235315
6.236821
6.238339
6.239871
6.241415
6.242973
6.244545
6.246129
6.247727
6.249339
6.250964
6.252604
6.254257
6.255924
6.257606
6.259301
6.261012
6.262736
6.264476
6.266231
6.268000
6.269785
6.271585
6.273401
6.275233
6.277080
6.278943
6.280823
6.282719
6.284631
6.286560
6.288506
6.290468
6.292447
6.294444
6.296458
6.298489
6.300538
6.302604
6.304688
6.306790
6.308909
6.311047
6.313202
6.315376
6.317569
6.319779
6.322008
6.324256
6.326522
6.328807
6.331110
6.333432
6.335773
6.338133
6.340512
6.342910
6.345326
6.347762
6.350217
6.352691
6.355184
6.357696
6.360226
6.362776
6.365345
6.367933
6.370540
6.373166
6.375808
6.378446
6.380900
6.383344
6.385803
6.388280
6.390774
6.393286
6.395815
6.398361
6.400925
6.403506
6.406105
6.408721
6.411355
6.414005
6.416674
6.419360
6.422063
6.424783
6.427521
6.430276
6.433048
6.435837
6.438643
6.441467
6.444307
6.447165
6.450039
6.452930
6.455838
6.458762
6.461703
6.464661
6.467635
6.470625
6.473631
6.476653
6.479691
6.482745
6.485814
6.488899
6.491999
6.495114
6.498244
6.501389
6.504549
6.507723
6.510911
6.514113
6.517329
6.520559
6.523801
6.527057
6.530326
6.533608
6.536902
6.540208
6.543525
6.546855
6.550195
6.553547
6.556909
6.560281
6.563663
6.567055
6.570456
6.573866
6.577285
6.580712
6.584146
6.587588
6.591037
6.594492
6.597953
6.601420
6.604892
6.608369
6.611850
6.615334
6.618822
6.622313
6.625807
6.629302
6.632800
6.636298
6.639798
6.643298
6.646799
6.650300
6.653801
6.657303
6.660804
6.664305
6.667806
6.671307
6.674808
6.678308
6.681808
6.685307
6.688804
6.692290
6.695669
6.699037
6.702400
6.705758
6.709109
6.712452
6.715787
6.719112
6.722426
6.725727
6.729015
6.732288
6.735545
6.738786
6.742008
6.745212
6.748396
6.751560
6.754701
6.757821
6.760919
6.763993
6.767045
6.770074
6.773083
6.776073
6.779046
6.782007
6.784960
6.787912
6.790868
6.793836
6.796825
6.799838
6.802880
6.805948
6.809033
6.812121
6.815189
6.818214
6.821173
6.824044
6.826809
6.829454
6.831970
6.834350
6.836592
6.838694
6.840655
6.842479
6.844167
6.845722
6.847147
6.848447
6.849624
6.850684
6.851631
6.852469
6.853205
6.853845
6.854396
6.854866
6.855263
6.855595
6.855870
6.856096
6.856280
6.856428
6.856542
6.856628
6.856689
6.856732
6.856762
6.856786
6.856806
6.856823
6.856838
6.856851
6.856864
6.856875
6.856885
6.856894
6.856903
6.856911
6.856919
6.856926
6.856933
6.856940
6.856947
6.856954
6.856960
6.856967
6.856974
6.856982
6.856990
6.856998
6.857008
6.857018
6.857029
6.857041
6.857054
6.857069
6.857086
6.857104
6.857123
6.857144
6.857166
6.857186
6.857204
6.857216
6.857223
6.857227
6.857231
6.857235
6.857240
6.857247
6.857268
6.857349
6.857610
6.858248
6.859490
6.861605
6.864911
6.869772
6.876562
6.885677
6.897539
6.912582
6.931241
6.953935
6.981056
7.012952
7.049918
7.092186
7.139919
7.193190
7.251979
7.316147
7.385426
7.459471
7.541666
7.627493
7.716008
7.806263
7.897298
7.988196
8.078130
8.166387
8.252353
8.335434
8.414912
8.489814
8.559345
8.624609
8.689277
8.728213
8.744157
8.751158
8.753165
8.753408
8.753387
8.753273
8.753113
8.752886
8.752735
8.752347
8.752149
8.751672
8.751453
8.751011
8.750576
8.750272
8.749830
8.749430
8.748993
8.748537
8.748059
8.747559
8.747037
8.746493
8.745925
8.745332
8.744712
8.744064
8.743384
8.742667
8.741910
8.741105
8.740243
8.739310
8.738291
8.737163
8.735891
8.734419
8.732668
8.730739
8.726289
8.723398
8.710932
