6.135855
6.135823
6.135779
6.135731
6.135688
6.135655
6.135628
6.135604
6.135582
6.135561
6.135542
6.135523
6.135506
6.135489
6.135473
6.135458
6.135444
6.135430
6.135417
6.135405
6.135393
6.135383
6.135373
6.135363
6.135355
6.135347
6.135340
6.135333
6.135328
6.135323
6.135319
6.135317
6.135315
6.135314
6.135314
6.135315
6.135317
6.135321
6.135325
6.135331
6.135338
6.135347
6.135356
6.135367
6.135379
6.135393
6.135408
6.135424
6.135441
6.135460
6.135480
6.135501
6.135524
6.135548
6.135574
6.135601
6.135630
6.135660
6.135691
6.135724
6.135758
6.135795
6.135832
6.135871
6.135912
6.135954
6.135998
6.136044
6.136091
6.136140
6.136191
6.136243
6.136297
6.136352
6.136410
6.136470
6.136533
6.136608
6.136690
6.136777
6.136867
6.136960
6.137056
6.137156
6.137258
6.137364
6.137473
6.137586
6.137702
6.137821
6.137944
6.138071
6.138202
6.138336
6.138474
6.138616
6.138761
6.138911
6.139065
6.139222
6.139384
6.139550
6.139721
6.139895
6.140074
6.140258
6.140445
6.140638
6.140835
6.141037
6.141243
6.141454
6.141671
6.141892
6.142118
6.142349
6.142586
6.142827
6.143074
6.143327
6.143584
6.143848
6.144117
6.144392
6.144672
6.144958
6.145250
6.145549
6.145853
6.146163
6.146480
6.146803
6.147133
6.147469
6.147811
6.148160
6.148516
6.148878
6.149248
6.149624
6.150008
6.150398
6.150796
6.151201
6.151614
6.152034
6.152461
6.152896
6.153338
6.153789
6.154247
6.154713
6.155187
6.155670
6.156160
6.156659
6.157166
6.157681
6.158205
6.158738
6.159279
6.159830
6.160389
6.160958
6.161535
6.162122
6.162719
6.163325
6.163942
6.164568
6.165205
6.165852
6.166510
6.167179
6.167861
6.168571
6.169326
6.170133
6.170984
6.171868
6.172778
6.173711
6.174661
6.175628
6.176610
6.177607
6.178619
6.179645
6.180686
6.181741
6.182810
6.183894
6.184993
6.186106
6.187235
6.188378
6.189536
6.190709
6.191898
6.193102
6.194321
6.195556
6.196806
6.198072
6.199354
6.200652
6.201966
6.203295
6.204641
6.206003
6.207381
6.208776
6.210186
6.211614
6.213057
6.214517
6.215994
6.217487
6.218997
6.220523
6.222066
6.223626
6.225203
6.226797
6.228407
6.230035
6.231679
6.233340
6.235019
6.236715
6.238427
6.240157
6.241904
6.243669
6.245450
6.247249
6.249064
6.250897
6.252748
6.254615
6.256500
6.258403
6.260322
6.262260
6.264214
6.266186
6.268176
6.270182
6.272207
6.274248
6.276307
6.278383
6.280476
6.282587
6.284715
6.286860
6.289022
6.291202
6.293399
6.295614
6.297845
6.300094
6.302360
6.304643
6.306943
6.309260
6.311595
6.313947
6.316315
6.318701
6.321104
6.323524
6.325960
6.328413
6.330880
6.333352
6.335797
6.338153
6.340475
6.342788
6.345105
6.347433
6.349774
6.352130
6.354503
6.356891
6.359294
6.361713
6.364147
6.366597
6.369061
6.371541
6.374036
6.376546
6.379071
6.381612
6.384167
6.386738
6.389324
6.391926
6.394542
6.397174
6.399822
6.402484
6.405162
6.407856
6.410565
6.413289
6.416029
6.418785
6.421556
6.424343
6.427146
6.429965
6.432799
6.435650
6.438517
6.441400
6.444299
6.447215
6.450147
6.453096
6.456062
6.459045
6.462045
6.465062
6.468097
6.471149
6.474220
6.477308
6.480415
6.483541
6.486685
6.489849
6.493032
6.496235
6.499459
6.502702
6.505967
6.509253
6.512561
6.515891
6.519244
6.522620
6.526020
6.529443
6.532892
6.536366
6.539866
6.543393
6.546947
6.550529
6.554139
6.557779
6.561449
6.565149
6.568881
6.572646
6.576444
6.580276
6.584142
6.588045
6.591984
6.595960
6.599975
6.604028
6.608122
6.612257
6.616433
6.620652
6.624914
6.629221
6.633572
6.637969
6.642412
6.646896
6.651405
6.655863
6.660344
6.664869
6.669442
6.674065
6.678737
6.683459
6.688232
6.693055
6.697930
6.702855
6.707831
6.712858
6.717936
6.723064
6.728243
6.733470
6.738747
6.744072
6.749444
6.754863
6.760326
6.765834
6.771385
6.776977
6.782608
6.788278
6.793983
6.799721
6.805491
6.811290
6.817115
6.822964
6.828833
6.834720
6.840622
6.846534
6.852453
6.858376
6.864299
6.870217
6.876125
6.882021
6.887899
6.893754
6.899581
6.905375
6.911132
6.916847
6.922513
6.928127
6.933683
6.939178
6.944607
6.949968
6.955258
6.960475
6.965619
6.970690
6.975689
6.980620
6.985484
6.990286
6.995028
6.999718
7.004363
7.008973
7.013566
7.018159
7.022759
7.027311
7.031664
7.035861
7.039925
7.043878
7.047738
7.051518
7.055220
7.058833
7.062336
7.065701
7.068905
7.071924
7.074747
7.077376
7.079821
7.082095
7.084212
7.086189
7.088044
7.089795
7.091461
7.093003
7.094392
7.095665
7.096850
7.097999
7.099062
7.100081
7.101066
7.102023
7.102950
7.103850
7.104722
7.105567
7.106388
7.107185
7.107959
7.108711
7.109443
7.110156
7.110851
7.111527
7.112187
7.112831
7.113459
7.114073
7.114673
7.115261
7.115835
7.116399
7.116952
7.117495
7.118029
7.118555
7.119073
7.119585
7.120090
7.120590
7.121085
7.121576
7.122063
7.122547
7.123029
7.123508
7.123986
7.124462
7.124939
7.125417
7.125897
7.126385
7.126880
7.127383
7.127900
7.128438
7.128993
7.129561
7.130148
7.130760
7.131405
7.132090
7.132824
7.133618
7.134488
7.135450
7.136536
7.137801
7.139356
7.141455
7.144558
7.149006
7.154722
7.161110
7.167760
7.174436
7.181037
7.187553
7.193729
7.199211
7.204065
7.208343
7.212074
7.215286
7.218007
7.220268
7.222102
7.223541
7.224619
7.225371
7.225842
7.226085
7.226158
7.226110
7.225977
7.225782
7.225535
7.225133
7.224940
7.224289
7.224014
7.223177
7.222780
7.221709
7.221061
7.219588
7.218492
7.216194
7.211680
7.204894
