6.166818
6.166788
6.166746
6.166699
6.166656
6.166623
6.166594
6.166569
6.166545
6.166522
6.166499
6.166478
6.166457
6.166437
6.166417
6.166397
6.166378
6.166359
6.166341
6.166323
6.166306
6.166288
6.166272
6.166255
6.166239
6.166224
6.166209
6.166194
6.166179
6.166165
6.166151
6.166138
6.166125
6.166112
6.166099
6.166087
6.166075
6.166064
6.166053
6.166042
6.166031
6.166021
6.166011
6.166001
6.165992
6.165983
6.165974
6.165966
6.165958
6.165950
6.165942
6.165935
6.165928
6.165922
6.165915
6.165909
6.165904
6.165898
6.165893
6.165888
6.165884
6.165880
6.165877
6.165873
6.165871
6.165868
6.165866
6.165865
6.165864
6.165864
6.165864
6.165865
6.165867
6.165869
6.165873
6.165877
6.165882
6.165889
6.165898
6.165908
6.165921
6.165935
6.165952
6.165972
6.165994
6.166020
6.166048
6.166079
6.166114
6.166152
6.166194
6.166240
6.166290
6.166343
6.166402
6.166464
6.166531
6.166603
6.166680
6.166762
6.166849
6.166942
6.167039
6.167143
6.167252
6.167367
6.167488
6.167616
6.167749
6.167889
6.168036
6.168190
6.168350
6.168518
6.168694
6.168876
6.169064
6.169258
6.169459
6.169666
6.169880
6.170101
6.170330
6.170566
6.170810
6.171061
6.171321
6.171588
6.171864
6.172148
6.172440
6.172741
6.173051
6.173370
6.173697
6.174034
6.174380
6.174735
6.175100
6.175474
6.175858
6.176252
6.176656
6.177070
6.177494
6.177929
6.178374
6.178829
6.179295
6.179772
6.180260
6.180759
6.181269
6.181790
6.182322
6.182866
6.183421
6.183987
6.184566
6.185156
6.185757
6.186371
6.186996
6.187634
6.188283
6.188944
6.189617
6.190303
6.191000
6.191709
6.192430
6.193162
6.193907
6.194666
6.195443
6.196249
6.197111
6.198126
6.199200
6.200298
6.201416
6.202551
6.203704
6.204873
6.206058
6.207260
6.208477
6.209711
6.210960
6.212224
6.213503
6.214798
6.216106
6.217429
6.218766
6.220117
6.221481
6.222859
6.224250
6.225655
6.227072
6.228502
6.229946
6.231402
6.232870
6.234351
6.235845
6.237352
6.238871
6.240403
6.241947
6.243505
6.245075
6.246658
6.248255
6.249864
6.251487
6.253123
6.254773
6.256436
6.258114
6.259805
6.261511
6.263231
6.264965
6.266714
6.268478
6.270257
6.272051
6.273860
6.275685
6.277525
6.279380
6.281252
6.283140
6.285044
6.286964
6.288900
6.290854
6.292824
6.294810
6.296814
6.298835
6.300873
6.302928
6.305000
6.307090
6.309198
6.311324
6.313467
6.315628
6.317808
6.320005
6.322221
6.324455
6.326707
6.328978
6.331267
6.333575
6.335902
6.338247
6.340611
6.342993
6.345395
6.347815
6.350255
6.352713
6.355190
6.357687
6.360202
6.362736
6.365290
6.367863
6.370454
6.373065
6.375692
6.378317
6.380747
6.383172
6.385613
6.388070
6.390545
6.393037
6.395547
6.398074
6.400618
6.403180
6.405760
6.408357
6.410972
6.413604
6.416253
6.418920
6.421604
6.424306
6.427026
6.429762
6.432517
6.435288
6.438077
6.440883
6.443706
6.446546
6.449404
6.452279
6.455170
6.458078
6.461004
6.463945
6.466904
6.469879
6.472870
6.475878
6.478902
6.481941
6.484997
6.488069
6.491156
6.494259
6.497377
6.500510
6.503658
6.506821
6.509999
6.513191
6.516397
6.519618
6.522852
6.526100
6.529361
6.532636
6.535923
6.539223
6.542536
6.545860
6.549197
6.552545
6.555904
6.559274
6.562655
6.566045
6.569446
6.572857
6.576276
6.579705
6.583141
6.586586
6.590039
6.593499
6.596965
6.600438
6.603917
6.607401
6.610890
6.614384
6.617882
6.621383
6.624888
6.628395
6.631905
6.635417
6.638931
6.642447
6.645964
6.649482
6.653001
6.656521
6.660042
6.663564
6.667087
6.670611
6.674136
6.677662
6.681188
6.684715
6.688241
6.691757
6.695163
6.698559
6.701950
6.705337
6.708718
6.712092
6.715458
6.718813
6.722158
6.725491
6.728810
6.732114
6.735403
6.738674
6.741928
6.745162
6.748376
6.751568
6.754738
6.757883
6.761003
6.764096
6.767161
6.770196
6.773200
6.776172
6.779112
6.782019
6.784894
6.787738
6.790554
6.793345
6.796117
6.798876
6.801634
6.804402
6.807194
6.810027
6.812914
6.815866
6.818888
6.821972
6.825100
6.828247
6.831383
6.834478
6.837505
6.840441
6.843268
6.845973
6.848545
6.850978
6.853269
6.855417
6.857420
6.859282
6.861004
6.862591
6.864048
6.865380
6.866595
6.867698
6.868700
6.869607
6.870429
6.871172
6.871841
6.872436
6.872958
6.873410
6.873800
6.874134
6.874421
6.874668
6.874865
6.875022
6.875147
6.875248
6.875329
6.875393
6.875443
6.875482
6.875512
6.875535
6.875552
6.875565
6.875575
6.875583
6.875589
6.875594
6.875598
6.875602
6.875606
6.875609
6.875613
6.875617
6.875621
6.875626
6.875633
6.875641
6.875654
6.875673
6.875704
6.875756
6.875847
6.876002
6.876234
6.876569
6.877038
6.877679
6.878545
6.879705
6.881240
6.883246
6.885823
6.889072
6.893092
6.897978
6.903829
6.910758
6.918897
6.928392
6.939406
6.952108
6.966675
6.983289
7.002135
7.023399
7.047265
7.073912
7.103513
7.136229
7.172209
7.211589
7.254490
7.301023
7.351293
7.405392
7.463404
7.525437
7.593555
7.665763
7.741740
7.821000
7.902807
7.986177
8.069928
8.152768
8.233410
8.310674
8.383519
8.450962
8.512041
8.566417
8.613407
8.657026
8.693233
8.715560
8.728020
8.735240
8.738918
8.739738
8.739819
8.739746
8.739608
8.739506
8.739182
8.739042
8.738646
8.738449
8.738105
8.737800
8.737475
8.737122
8.736744
8.736343
8.735917
8.735466
8.734991
8.734488
8.733959
8.733400
8.732808
8.732182
8.731516
8.730804
8.730037
8.729201
8.728277
8.727231
8.726008
8.724537
8.722970
8.721450
8.718276
8.713248
8.709519
8.700779
8.687121
