6.166467
6.166436
6.166393
6.166346
6.166303
6.166269
6.166240
6.166214
6.166190
6.166167
6.166144
6.166123
6.166102
6.166081
6.166061
6.166042
6.166022
6.166004
6.165985
6.165968
6.165950
6.165933
6.165916
6.165900
6.165884
6.165869
6.165853
6.165839
6.165824
6.165810
6.165796
6.165783
6.165770
6.165757
6.165745
6.165733
6.165721
6.165710
6.165699
6.165688
6.165677
6.165667
6.165657
6.165648
6.165639
6.165630
6.165621
6.165613
6.165605
6.165597
6.165590
6.165583
6.165576
6.165569
6.165563
6.165557
6.165552
6.165547
6.165542
6.165538
6.165533
6.165530
6.165526
6.165523
6.165521
6.165519
6.165517
6.165516
6.165516
6.165516
6.165517
6.165518
6.165521
6.165524
6.165528
6.165534
6.165540
6.165548
6.165558
6.165570
6.165584
6.165601
6.165620
6.165642
6.165667
6.165695
6.165726
6.165760
6.165798
6.165840
6.165886
6.165935
6.165989
6.166047
6.166109
6.166177
6.166248
6.166325
6.166407
6.166494
6.166586
6.166683
6.166787
6.166895
6.167010
6.167131
6.167258
6.167391
6.167530
6.167676
6.167829
6.167988
6.168155
6.168329
6.168510
6.168697
6.168890
6.169089
6.169294
6.169507
6.169726
6.169953
6.170187
6.170428
6.170677
6.170934
6.171198
6.171471
6.171752
6.172041
6.172338
6.172644
6.172959
6.173282
6.173614
6.173955
6.174306
6.174665
6.175034
6.175412
6.175800
6.176198
6.176606
6.177023
6.177451
6.177889
6.178338
6.178796
6.179266
6.179746
6.180237
6.180738
6.181251
6.181775
6.182309
6.182855
6.183413
6.183981
6.184561
6.185153
6.185756
6.186371
6.186998
6.187636
6.188286
6.188949
6.189623
6.190309
6.191007
6.191718
6.192441
6.193176
6.193924
6.194685
6.195465
6.196274
6.197138
6.198153
6.199226
6.200324
6.201441
6.202576
6.203727
6.204896
6.206081
6.207283
6.208501
6.209735
6.210986
6.212251
6.213533
6.214830
6.216142
6.217468
6.218810
6.220165
6.221535
6.222920
6.224318
6.225730
6.227156
6.228595
6.230048
6.231514
6.232993
6.234486
6.235992
6.237511
6.239043
6.240589
6.242148
6.243720
6.245306
6.246904
6.248517
6.250142
6.251781
6.253434
6.255101
6.256781
6.258476
6.260184
6.261907
6.263644
6.265395
6.267162
6.268942
6.270738
6.272549
6.274374
6.276215
6.278072
6.279944
6.281831
6.283734
6.285653
6.287588
6.289539
6.291506
6.293489
6.295488
6.297504
6.299537
6.301586
6.303652
6.305735
6.307834
6.309951
6.312084
6.314235
6.316403
6.318588
6.320790
6.323009
6.325246
6.327500
6.329772
6.332062
6.334369
6.336693
6.339035
6.341395
6.343773
6.346168
6.348580
6.351011
6.353459
6.355925
6.358409
6.360910
6.363429
6.365966
6.368521
6.371093
6.373683
6.376289
6.378891
6.381324
6.383752
6.386195
6.388655
6.391130
6.393623
6.396131
6.398656
6.401198
6.403757
6.406332
6.408923
6.411532
6.414157
6.416799
6.419457
6.422132
6.424824
6.427532
6.430257
6.432999
6.435758
6.438533
6.441325
6.444133
6.446958
6.449800
6.452658
6.455532
6.458423
6.461331
6.464254
6.467194
6.470150
6.473122
6.476110
6.479114
6.482134
6.485169
6.488220
6.491287
6.494368
6.497465
6.500577
6.503703
6.506844
6.510000
6.513170
6.516354
6.519553
6.522765
6.525990
6.529229
6.532481
6.535746
6.539024
6.542314
6.545616
6.548930
6.552255
6.555592
6.558939
6.562297
6.565665
6.569043
6.572431
6.575827
6.579233
6.582647
6.586068
6.589498
6.592934
6.596378
6.599827
6.603282
6.606743
6.610208
6.613678
6.617152
6.620629
6.624110
6.627593
6.631078
6.634565
6.638054
6.641544
6.645035
6.648527
6.652019
6.655512
6.659005
6.662499
6.665992
6.669486
6.672980
6.676474
6.679967
6.683460
6.686951
6.690433
6.693813
6.697182
6.700547
6.703906
6.707260
6.710605
6.713943
6.717270
6.720586
6.723891
6.727181
6.730458
6.733719
6.736963
6.740189
6.743396
6.746583
6.749748
6.752891
6.756009
6.759102
6.762168
6.765206
6.768213
6.771189
6.774132
6.777040
6.779914
6.782751
6.785553
6.788318
6.791048
6.793745
6.796412
6.799053
6.801675
6.804286
6.806898
6.809525
6.812184
6.814894
6.817679
6.820565
6.823577
6.826741
6.830082
6.833618
6.837357
6.841298
6.845419
6.849681
6.854028
6.858392
6.862701
6.866888
6.870901
6.874702
6.878267
6.881586
6.884657
6.887486
6.890081
6.892455
6.894621
6.896594
6.898388
6.900016
6.901491
6.902826
6.904031
6.905119
6.906099
6.906980
6.907771
6.908480
6.909114
6.909681
6.910186
6.910636
6.911035
6.911390
6.911703
6.911981
6.912226
6.912442
6.912632
6.912799
6.912945
6.913075
6.913189
6.913289
6.913377
6.913455
6.913523
6.913585
6.913641
6.913694
6.913746
6.913802
6.913864
6.913935
6.914019
6.914120
6.914246
6.914403
6.914604
6.914861
6.915190
6.915610
6.916142
6.916812
6.917648
6.918685
6.919962
6.921525
6.923427
6.925727
6.928496
6.931815
6.935775
6.940481
6.946052
6.952620
6.960338
6.969373
6.979911
6.992156
7.006329
7.022667
7.041420
7.062845
7.087202
7.114747
7.145723
7.180353
7.218828
7.261305
7.307896
7.358670
7.413693
7.475308
7.541312
7.611508
7.685677
7.763524
7.844661
7.928602
8.014749
8.102398
8.190742
8.278861
8.365691
8.449964
8.530262
8.605333
8.674039
8.731256
8.752687
8.753684
8.753665
8.753559
8.753383
8.753258
8.753005
8.752696
8.752491
8.752221
8.751935
8.751628
8.751299
8.750950
8.750580
8.750190
8.749780
8.749351
8.748903
8.748435
8.747948
8.747440
8.746913
8.746364
8.745794
8.745200
8.744580
8.743934
8.743257
8.742546
8.741795
8.740996
8.740141
8.739215
8.738203
8.737076
8.735793
8.734288
8.732443
8.730041
8.726733
8.721275
