6.166574
6.166543
6.166500
6.166452
6.166409
6.166376
6.166347
6.166321
6.166297
6.166273
6.166251
6.166230
6.166209
6.166188
6.166168
6.166148
6.166129
6.166111
6.166092
6.166074
6.166057
6.166040
6.166023
6.166007
6.165991
6.165975
6.165960
6.165945
6.165931
6.165917
6.165903
6.165890
6.165877
6.165864
6.165852
6.165840
6.165828
6.165817
6.165806
6.165795
6.165785
6.165774
6.165765
6.165755
6.165746
6.165737
6.165729
6.165720
6.165712
6.165705
6.165697
6.165690
6.165683
6.165677
6.165671
6.165665
6.165660
6.165654
6.165650
6.165645
6.165641
6.165637
6.165634
6.165631
6.165629
6.165627
6.165625
6.165624
6.165624
6.165624
6.165625
6.165627
6.165630
6.165633
6.165638
6.165643
6.165650
6.165658
6.165668
6.165681
6.165696
6.165713
6.165733
6.165755
6.165781
6.165809
6.165841
6.165876
6.165915
6.165958
6.166004
6.166054
6.166108
6.166167
6.166230
6.166298
6.166370
6.166448
6.166530
6.166617
6.166710
6.166808
6.166912
6.167021
6.167136
6.167257
6.167384
6.167517
6.167657
6.167803
6.167956
6.168115
6.168282
6.168455
6.168637
6.168825
6.169019
6.169218
6.169424
6.169637
6.169857
6.170083
6.170317
6.170559
6.170808
6.171064
6.171329
6.171601
6.171882
6.172170
6.172467
6.172772
6.173086
6.173408
6.173740
6.174080
6.174429
6.174787
6.175155
6.175532
6.175918
6.176314
6.176720
6.177136
6.177562
6.177997
6.178443
6.178899
6.179366
6.179843
6.180331
6.180830
6.181339
6.181859
6.182390
6.182933
6.183486
6.184051
6.184626
6.185213
6.185812
6.186422
6.187044
6.187677
6.188321
6.188978
6.189646
6.190326
6.191018
6.191721
6.192436
6.193163
6.193902
6.194656
6.195429
6.196230
6.197088
6.198093
6.199159
6.200250
6.201360
6.202487
6.203631
6.204792
6.205970
6.207163
6.208373
6.209599
6.210841
6.212098
6.213370
6.214657
6.215959
6.217276
6.218607
6.219952
6.221312
6.222685
6.224072
6.225473
6.226887
6.228314
6.229755
6.231209
6.232676
6.234157
6.235650
6.237156
6.238676
6.240208
6.241754
6.243313
6.244885
6.246471
6.248069
6.249682
6.251308
6.252948
6.254601
6.256269
6.257950
6.259646
6.261356
6.263081
6.264821
6.266575
6.268344
6.270129
6.271929
6.273744
6.275575
6.277422
6.279284
6.281163
6.283058
6.284969
6.286897
6.288841
6.290802
6.292780
6.294775
6.296787
6.298816
6.300863
6.302927
6.305008
6.307108
6.309225
6.311359
6.313512
6.315683
6.317872
6.320080
6.322305
6.324549
6.326811
6.329092
6.331392
6.333710
6.336046
6.338402
6.340776
6.343168
6.345580
6.348010
6.350460
6.352928
6.355415
6.357921
6.360446
6.362990
6.365552
6.368134
6.370734
6.373352
6.375987
6.378618
6.381065
6.383502
6.385955
6.388425
6.390912
6.393416
6.395937
6.398476
6.401032
6.403605
6.406195
6.408803
6.411428
6.414070
6.416729
6.419405
6.422099
6.424810
6.427538
6.430282
6.433044
6.435823
6.438618
6.441430
6.444259
6.447105
6.449968
6.452847
6.455742
6.458654
6.461582
6.464526
6.467486
6.470462
6.473454
6.476461
6.479484
6.482523
6.485576
6.488645
6.491729
6.494828
6.497941
6.501069
6.504211
6.507367
6.510537
6.513720
6.516918
6.520128
6.523352
6.526588
6.529837
6.533098
6.536372
6.539657
6.542954
6.546262
6.549581
6.552911
6.556252
6.559603
6.562963
6.566333
6.569713
6.573101
6.576498
6.579903
6.583316
6.586736
6.590163
6.593597
6.597037
6.600483
6.603934
6.607391
6.610852
6.614317
6.617785
6.621257
6.624732
6.628209
6.631688
6.635169
6.638651
6.642134
6.645617
6.649100
6.652583
6.656066
6.659548
6.663030
6.666511
6.669992
6.673471
6.676950
6.680427
6.683903
6.687377
6.690841
6.694199
6.697547
6.700890
6.704229
6.707563
6.710892
6.714213
6.717526
6.720830
6.724123
6.727405
6.730675
6.733931
6.737173
6.740399
6.743609
6.746800
6.749974
6.753128
6.756261
6.759374
6.762464
6.765532
6.768577
6.771599
6.774598
6.777575
6.780532
6.783470
6.786392
6.789303
6.792207
6.795110
6.798019
6.800940
6.803879
6.806842
6.809826
6.812829
6.815836
6.818831
6.821792
6.824696
6.827522
6.830249
6.832864
6.835354
6.837711
6.839931
6.842011
6.843951
6.845751
6.847413
6.848940
6.850335
6.851602
6.852745
6.853768
6.854676
6.855476
6.856173
6.856775
6.857288
6.857723
6.858086
6.858387
6.858634
6.858835
6.858996
6.859122
6.859217
6.859286
6.859335
6.859371
6.859399
6.859424
6.859445
6.859465
6.859484
6.859501
6.859517
6.859533
6.859547
6.859561
6.859574
6.859587
6.859600
6.859613
6.859625
6.859638
6.859651
6.859664
6.859678
6.859692
6.859707
6.859724
6.859741
6.859760
6.859781
6.859803
6.859828
6.859855
6.859885
6.859917
6.859953
6.859991
6.860032
6.860076
6.860122
6.860170
6.860217
6.860261
6.860299
6.860329
6.860353
6.860373
6.860418
6.860565
6.860963
6.861803
6.863309
6.865749
6.869445
6.874747
6.882025
6.891675
6.904111
6.919757
6.939034
6.962347
6.990068
7.022530
7.060012
7.102735
7.150848
7.204419
7.263415
7.327689
7.396965
7.470888
7.552824
7.638257
7.726247
7.815854
7.906133
7.996189
8.085218
8.172528
8.257521
8.339614
8.418073
8.491876
8.560240
8.624694
8.688008
8.724031
8.738929
8.745530
8.747217
8.747426
8.747396
8.747277
8.747136
8.746853
8.746701
8.746303
8.746092
8.745653
8.745385
8.745001
8.744560
8.744228
8.743788
8.743378
8.742938
8.742476
8.741996
8.741494
8.740971
8.740425
8.739856
8.739263
8.738643
8.737994
8.737313
8.736596
8.735839
8.735033
8.734170
8.733237
8.732216
8.731085
8.729807
8.728326
8.726561
8.724616
8.720256
8.717334
8.704918
