6.133316
6.133285
6.133240
6.133191
6.133147
6.133112
6.133082
6.133055
6.133030
6.133006
6.132983
6.132960
6.132938
6.132917
6.132896
6.132875
6.132855
6.132835
6.132816
6.132797
6.132778
6.132760
6.132743
6.132725
6.132708
6.132692
6.132675
6.132660
6.132644
6.132629
6.132614
6.132600
6.132585
6.132572
6.132558
6.132545
6.132532
6.132519
6.132507
6.132495
6.132484
6.132472
6.132461
6.132450
6.132440
6.132430
6.132420
6.132410
6.132401
6.132391
6.132383
6.132374
6.132366
6.132358
6.132350
6.132342
6.132335
6.132328
6.132321
6.132315
6.132308
6.132302
6.132297
6.132291
6.132286
6.132282
6.132277
6.132273
6.132269
6.132266
6.132263
6.132260
6.132258
6.132256
6.132255
6.132254
6.132255
6.132256
6.132258
6.132262
6.132267
6.132274
6.132282
6.132293
6.132305
6.132320
6.132337
6.132356
6.132377
6.132400
6.132426
6.132455
6.132486
6.132519
6.132556
6.132595
6.132637
6.132682
6.132730
6.132781
6.132835
6.132893
6.132953
6.133017
6.133085
6.133156
6.133231
6.133310
6.133392
6.133478
6.133569
6.133663
6.133762
6.133865
6.133972
6.134084
6.134201
6.134322
6.134448
6.134579
6.134715
6.134856
6.135003
6.135155
6.135312
6.135475
6.135644
6.135819
6.136000
6.136187
6.136380
6.136580
6.136786
6.137000
6.137220
6.137447
6.137681
6.137923
6.138172
6.138429
6.138694
6.138967
6.139248
6.139537
6.139835
6.140141
6.140457
6.140781
6.141115
6.141458
6.141810
6.142173
6.142546
6.142930
6.143321
6.143722
6.144130
6.144549
6.144976
6.145413
6.145860
6.146317
6.146784
6.147262
6.147749
6.148248
6.148757
6.149276
6.149807
6.150349
6.150903
6.151469
6.152048
6.152642
6.153254
6.153891
6.154562
6.155294
6.156083
6.156905
6.157749
6.158613
6.159495
6.160395
6.161314
6.162251
6.163207
6.164182
6.165175
6.166186
6.167216
6.168265
6.169332
6.170418
6.171523
6.172645
6.173786
6.174946
6.176123
6.177319
6.178532
6.179764
6.181012
6.182279
6.183563
6.184864
6.186182
6.187517
6.188869
6.190238
6.191623
6.193024
6.194442
6.195876
6.197326
6.198792
6.200274
6.201772
6.203285
6.204814
6.206359
6.207919
6.209495
6.211086
6.212693
6.214315
6.215953
6.217606
6.219275
6.220959
6.222659
6.224375
6.226107
6.227854
6.229618
6.231397
6.233192
6.235004
6.236831
6.238675
6.240535
6.242412
6.244305
6.246215
6.248142
6.250085
6.252045
6.254022
6.256016
6.258027
6.260055
6.262100
6.264162
6.266241
6.268338
6.270452
6.272583
6.274731
6.276897
6.279080
6.281281
6.283498
6.285734
6.287986
6.290256
6.292543
6.294847
6.297169
6.299508
6.301864
6.304237
6.306627
6.309035
6.311460
6.313900
6.316351
6.318783
6.321075
6.323331
6.325597
6.327877
6.330173
6.332484
6.334810
6.337152
6.339509
6.341881
6.344269
6.346671
6.349090
6.351523
6.353972
6.356437
6.358916
6.361411
6.363922
6.366448
6.368989
6.371546
6.374118
6.376705
6.379308
6.381926
6.384560
6.387210
6.389875
6.392555
6.395252
6.397963
6.400691
6.403434
6.406193
6.408968
6.411758
6.414564
6.417386
6.420224
6.423078
6.425948
6.428834
6.431736
6.434655
6.437589
6.440540
6.443506
6.446490
6.449489
6.452505
6.455538
6.458587
6.461652
6.464735
6.467834
6.470950
6.474082
6.477232
6.480399
6.483582
6.486783
6.490001
6.493236
6.496488
6.499758
6.503045
6.506349
6.509671
6.513011
6.516368
6.519743
6.523135
6.526545
6.529973
6.533419
6.536883
6.540364
6.543863
6.547380
6.550916
6.554469
6.558039
6.561628
6.565235
6.568860
6.572502
6.576163
6.579841
6.583537
6.587251
6.590983
6.594732
6.598499
6.602284
6.606086
6.609906
6.613742
6.617594
6.621446
6.625211
6.628978
6.632758
6.636554
6.640366
6.644194
6.648038
6.651897
6.655772
6.659662
6.663568
6.667488
6.671424
6.675374
6.679338
6.683317
6.687310
6.691317
6.695338
6.699371
6.703419
6.707479
6.711551
6.715637
6.719734
6.723843
6.727964
6.732097
6.736240
6.740394
6.744559
6.748734
6.752919
6.757114
6.761318
6.765531
6.769753
6.773984
6.778223
6.782470
6.786725
6.790988
6.795258
6.799536
6.803821
6.808114
6.812414
6.816722
6.821037
6.825360
6.829691
6.834031
6.838380
6.842739
6.847109
6.851490
6.855885
6.860294
6.864720
6.869164
6.873630
6.878118
6.882634
6.887179
6.891759
6.896379
6.901043
6.905757
6.910528
6.915364
6.920272
6.925263
6.930345
6.935531
6.940833
6.946264
6.951838
6.957571
6.963483
6.969587
6.975906
6.982460
6.989271
6.996361
7.003754
7.011476
7.019551
7.028007
7.036868
7.046163
7.055919
7.066163
7.076921
7.088220
7.100086
7.112542
7.125612
7.139319
7.153684
7.168755
7.184974
7.201950
7.219669
7.238139
7.257366
7.277352
7.298099
7.319601
7.341853
7.364844
7.388559
7.412982
7.438088
7.463856
7.490253
7.517248
7.544800
7.572864
7.601390
7.630318
7.659582
7.689107
7.718816
7.748632
7.778500
7.808397
7.838351
7.868425
7.898642
7.928822
7.958436
7.986619
8.012434
8.035174
8.054100
8.069597
8.082061
8.091918
8.099586
8.105478
8.109973
8.113331
8.115805
8.117556
8.118562
8.118925
8.119090
8.119175
8.119225
8.119258
8.119282
8.119299
8.119313
8.119325
8.119337
8.119349
8.119361
8.119376
8.119393
8.119414
8.119439
8.119469
8.119507
8.119553
8.119608
8.119676
8.119757
8.119854
8.119971
8.120108
8.120271
8.120465
8.120692
8.120960
8.121272
8.121636
8.122062
8.122557
8.123131
8.123797
8.124569
8.125463
8.126498
8.127687
8.128999
8.130342
8.131594
8.132670
8.133550
8.134246
8.134768
8.135148
8.135382
8.135461
8.135333
8.134907
8.133996
8.132205
8.128396
