6.134303
6.134271
6.134226
6.134176
6.134132
6.134097
6.134068
6.134041
6.134017
6.133993
6.133971
6.133949
6.133928
6.133907
6.133887
6.133868
6.133849
6.133830
6.133812
6.133794
6.133777
6.133760
6.133744
6.133728
6.133713
6.133698
6.133683
6.133669
6.133655
6.133642
6.133629
6.133616
6.133604
6.133592
6.133580
6.133569
6.133558
6.133548
6.133538
6.133528
6.133519
6.133510
6.133501
6.133493
6.133485
6.133477
6.133470
6.133463
6.133457
6.133451
6.133445
6.133440
6.133436
6.133431
6.133428
6.133424
6.133422
6.133420
6.133418
6.133418
6.133418
6.133419
6.133421
6.133425
6.133429
6.133434
6.133441
6.133449
6.133458
6.133469
6.133480
6.133493
6.133507
6.133523
6.133540
6.133558
6.133578
6.133602
6.133629
6.133659
6.133691
6.133725
6.133763
6.133802
6.133844
6.133889
6.133937
6.133988
6.134041
6.134097
6.134157
6.134219
6.134284
6.134353
6.134425
6.134500
6.134579
6.134661
6.134746
6.134835
6.134928
6.135024
6.135124
6.135228
6.135336
6.135448
6.135564
6.135684
6.135809
6.135937
6.136071
6.136208
6.136350
6.136497
6.136648
6.136805
6.136966
6.137132
6.137303
6.137480
6.137661
6.137848
6.138041
6.138239
6.138442
6.138651
6.138867
6.139088
6.139315
6.139548
6.139787
6.140033
6.140285
6.140544
6.140809
6.141081
6.141360
6.141646
6.141938
6.142239
6.142546
6.142861
6.143183
6.143513
6.143851
6.144196
6.144550
6.144911
6.145281
6.145659
6.146046
6.146441
6.146845
6.147257
6.147679
6.148109
6.148549
6.148998
6.149457
6.149925
6.150402
6.150890
6.151387
6.151894
6.152412
6.152940
6.153478
6.154028
6.154588
6.155159
6.155741
6.156335
6.156941
6.157559
6.158195
6.158854
6.159542
6.160281
6.161061
6.161875
6.162715
6.163578
6.164460
6.165360
6.166278
6.167211
6.168162
6.169128
6.170112
6.171111
6.172128
6.173161
6.174210
6.175277
6.176361
6.177461
6.178579
6.179714
6.180866
6.182036
6.183222
6.184427
6.185648
6.186887
6.188144
6.189418
6.190710
6.192019
6.193346
6.194691
6.196053
6.197433
6.198831
6.200246
6.201680
6.203131
6.204601
6.206088
6.207593
6.209116
6.210657
6.212216
6.213792
6.215385
6.216996
6.218625
6.220271
6.221934
6.223615
6.225312
6.227027
6.228760
6.230509
6.232275
6.234058
6.235859
6.237676
6.239510
6.241361
6.243229
6.245114
6.247015
6.248934
6.250869
6.252821
6.254789
6.256775
6.258777
6.260796
6.262831
6.264883
6.266952
6.269038
6.271140
6.273259
6.275394
6.277546
6.279715
6.281901
6.284103
6.286322
6.288557
6.290810
6.293079
6.295364
6.297666
6.299985
6.302321
6.304673
6.307042
6.309428
6.311830
6.314249
6.316684
6.319133
6.321589
6.324020
6.326343
6.328629
6.330908
6.333199
6.335503
6.337822
6.340157
6.342507
6.344872
6.347253
6.349649
6.352060
6.354486
6.356928
6.359386
6.361859
6.364347
6.366851
6.369370
6.371905
6.374455
6.377021
6.379602
6.382199
6.384811
6.387439
6.390083
6.392742
6.395417
6.398108
6.400814
6.403536
6.406274
6.409028
6.411798
6.414583
6.417384
6.420202
6.423035
6.425884
6.428749
6.431630
6.434528
6.437441
6.440370
6.443316
6.446277
6.449255
6.452249
6.455259
6.458286
6.461329
6.464388
6.467463
6.470555
6.473663
6.476788
6.479929
6.483086
6.486260
6.489450
6.492657
6.495880
6.499120
6.502376
6.505648
6.508938
6.512243
6.515566
6.518904
6.522259
6.525631
6.529019
6.532424
6.535845
6.539283
6.542737
6.546207
6.549694
6.553197
6.556717
6.560252
6.563804
6.567372
6.570957
6.574557
6.578173
6.581805
6.585454
6.589118
6.592797
6.596493
6.600204
6.603931
6.607673
6.611430
6.615203
6.618990
6.622788
6.626582
6.630298
6.634010
6.637732
6.641467
6.645217
6.648980
6.652758
6.656549
6.660354
6.664173
6.668006
6.671853
6.675713
6.679587
6.683474
6.687376
6.691291
6.695220
6.699163
6.703120
6.707092
6.711078
6.715079
6.719094
6.723125
6.727172
6.731235
6.735314
6.739411
6.743526
6.747659
6.751811
6.755984
6.760179
6.764395
6.768636
6.772902
6.777194
6.781515
6.785866
6.790249
6.794667
6.799121
6.803615
6.808152
6.812734
6.817365
6.822049
6.826789
6.831591
6.836458
6.841395
6.846408
6.851503
6.856686
6.861963
6.867341
6.872829
6.878433
6.884164
6.890028
6.896038
6.902201
6.908530
6.915036
6.921730
6.928625
6.935734
6.943071
6.950651
6.958487
6.966596
6.974992
6.983691
6.992709
7.002062
7.011763
7.021828
7.032268
7.043095
7.054317
7.065941
7.077967
7.090395
7.103217
7.116422
7.129993
7.143906
7.158133
7.172639
7.187387
7.202337
7.217447
7.232681
7.248010
7.263419
7.278915
7.294525
7.310300
7.326314
7.342805
7.359376
7.375719
7.391446
7.406153
7.419508
7.431281
7.441306
7.449738
7.456848
7.462852
7.467926
7.472169
7.475298
7.477595
7.479221
7.480268
7.480820
7.481054
7.481135
7.481143
7.481113
7.481060
7.480990
7.480911
7.480792
7.480723
7.480609
7.480436
7.480361
7.480157
7.480070
7.479847
7.479741
7.479614
7.479408
7.479252
7.479123
7.478976
7.478813
7.478646
7.478483
7.478324
7.478169
7.478018
7.477869
7.477717
7.477548
7.477358
7.477183
7.477044
7.476924
7.476777
7.476594
7.476384
7.476247
7.476134
7.476032
7.475902
7.475754
7.475592
7.475471
7.475385
7.475296
7.475191
7.475098
7.475019
7.474954
7.474899
7.474858
7.474832
7.474826
7.474841
7.474884
7.474961
7.475080
7.475252
7.475488
7.475801
7.476206
7.476717
7.477349
7.478116
7.479036
7.480133
7.481422
7.482908
7.484626
7.486617
7.488980
7.491522
7.494050
7.496269
7.498020
7.499264
7.499989
7.500130
7.499406
7.496783
