6.166687
6.166657
6.166614
6.166567
6.166524
6.166491
6.166462
6.166436
6.166412
6.166389
6.166366
6.166345
6.166324
6.166303
6.166283
6.166264
6.166244
6.166226
6.166207
6.166189
6.166172
6.166155
6.166138
6.166122
6.166106
6.166090
6.166075
6.166060
6.166045
6.166031
6.166017
6.166004
6.165991
6.165978
6.165965
6.165953
6.165941
6.165930
6.165919
6.165908
6.165897
6.165887
6.165877
6.165867
6.165858
6.165849
6.165840
6.165832
6.165824
6.165816
6.165808
6.165801
6.165794
6.165787
6.165781
6.165775
6.165769
6.165764
6.165759
6.165754
6.165750
6.165746
6.165742
6.165739
6.165736
6.165733
6.165731
6.165730
6.165729
6.165729
6.165729
6.165730
6.165731
6.165734
6.165737
6.165741
6.165746
6.165753
6.165761
6.165771
6.165783
6.165798
6.165815
6.165834
6.165856
6.165881
6.165909
6.165941
6.165976
6.166014
6.166056
6.166102
6.166151
6.166205
6.166264
6.166327
6.166394
6.166467
6.166544
6.166626
6.166714
6.166807
6.166906
6.167010
6.167120
6.167236
6.167358
6.167486
6.167621
6.167762
6.167910
6.168065
6.168227
6.168397
6.168574
6.168757
6.168946
6.169140
6.169342
6.169550
6.169766
6.169989
6.170219
6.170456
6.170702
6.170955
6.171216
6.171485
6.171763
6.172049
6.172343
6.172646
6.172958
6.173279
6.173608
6.173947
6.174296
6.174653
6.175020
6.175397
6.175784
6.176180
6.176587
6.177003
6.177430
6.177868
6.178315
6.178774
6.179243
6.179723
6.180214
6.180716
6.181229
6.181754
6.182290
6.182837
6.183395
6.183965
6.184547
6.185140
6.185746
6.186363
6.186991
6.187632
6.188285
6.188950
6.189627
6.190316
6.191017
6.191730
6.192455
6.193192
6.193941
6.194704
6.195485
6.196294
6.197160
6.198180
6.199258
6.200362
6.201483
6.202623
6.203779
6.204951
6.206141
6.207346
6.208568
6.209805
6.211058
6.212326
6.213610
6.214908
6.216220
6.217547
6.218889
6.220244
6.221613
6.222995
6.224391
6.225800
6.227223
6.228658
6.230106
6.231568
6.233042
6.234529
6.236028
6.237541
6.239066
6.240604
6.242155
6.243719
6.245296
6.246885
6.248488
6.250105
6.251734
6.253378
6.255034
6.256705
6.258389
6.260088
6.261800
6.263527
6.265269
6.267025
6.268795
6.270581
6.272382
6.274197
6.276029
6.277875
6.279737
6.281615
6.283509
6.285419
6.287345
6.289287
6.291246
6.293221
6.295213
6.297222
6.299247
6.301289
6.303349
6.305425
6.307519
6.309630
6.311759
6.313905
6.316069
6.318251
6.320450
6.322668
6.324903
6.327156
6.329428
6.331717
6.334025
6.336351
6.338695
6.341058
6.343439
6.345839
6.348257
6.350694
6.353149
6.355623
6.358116
6.360627
6.363156
6.365705
6.368272
6.370857
6.373461
6.376082
6.378699
6.381133
6.383559
6.386001
6.388460
6.390936
6.393429
6.395940
6.398468
6.401012
6.403574
6.406154
6.408750
6.411364
6.413995
6.416643
6.419308
6.421991
6.424691
6.427408
6.430143
6.432894
6.435663
6.438449
6.441252
6.444072
6.446909
6.449762
6.452633
6.455521
6.458425
6.461346
6.464283
6.467237
6.470207
6.473194
6.476197
6.479216
6.482250
6.485301
6.488368
6.491450
6.494547
6.497660
6.500788
6.503931
6.507089
6.510261
6.513448
6.516650
6.519865
6.523095
6.526338
6.529594
6.532864
6.536147
6.539443
6.542751
6.546072
6.549405
6.552749
6.556106
6.559473
6.562851
6.566240
6.569640
6.573049
6.576468
6.579896
6.583334
6.586779
6.590234
6.593696
6.597165
6.600641
6.604124
6.607613
6.611108
6.614607
6.618112
6.621621
6.625134
6.628651
6.632171
6.635693
6.639218
6.642744
6.646272
6.649802
6.653332
6.656863
6.660396
6.663929
6.667463
6.670997
6.674533
6.678069
6.681605
6.685143
6.688680
6.692210
6.695632
6.699046
6.702457
6.705866
6.709272
6.712674
6.716070
6.719460
6.722842
6.726217
6.729582
6.732938
6.736284
6.739620
6.742948
6.746269
6.749584
6.752897
6.756211
6.759531
6.762863
6.766214
6.769591
6.773001
6.776450
6.779943
6.783481
6.787060
6.790673
6.794300
6.797920
6.801503
6.805019
6.808441
6.811742
6.814906
6.817920
6.820778
6.823476
6.826017
6.828404
6.830642
6.832738
6.834699
6.836531
6.838242
6.839838
6.841327
6.842713
6.844002
6.845199
6.846308
6.847334
6.848280
6.849149
6.849945
6.850671
6.851330
6.851921
6.852440
6.852887
6.853266
6.853584
6.853850
6.854074
6.854245
6.854373
6.854468
6.854538
6.854587
6.854619
6.854639
6.854649
6.854655
6.854658
6.854659
6.854659
6.854658
6.854657
6.854656
6.854654
6.854651
6.854649
6.854646
6.854644
6.854641
6.854638
6.854635
6.854632
6.854629
6.854627
6.854624
6.854621
6.854619
6.854616
6.854614
6.854612
6.854610
6.854608
6.854607
6.854607
6.854607
6.854609
6.854614
6.854629
6.854680
6.854814
6.855054
6.855444
6.856034
6.856890
6.858094
6.859749
6.861970
6.864877
6.868596
6.873243
6.878933
6.885782
6.893914
6.903470
6.914606
6.927494
6.942312
6.959248
6.978488
7.000223
7.024643
7.051938
7.082293
7.115896
7.152932
7.193590
7.238064
7.286549
7.339232
7.396267
7.457734
7.523583
7.593636
7.669506
7.748473
7.829528
7.911575
7.993470
8.074112
8.152516
8.227880
8.299658
8.367725
8.432730
8.495763
8.554615
8.602303
8.639301
8.667236
8.687740
8.702249
8.711998
8.718032
8.721197
8.721375
8.721323
8.721214
8.720958
8.720838
8.720483
8.720273
8.720003
8.719704
8.719384
8.719042
8.718677
8.718287
8.717875
8.717438
8.716978
8.716494
8.715986
8.715454
8.714896
8.714311
8.713698
8.713055
8.712380
8.711668
8.710916
8.710118
8.709267
8.708352
8.707360
8.706274
8.705068
8.703698
8.702088
8.700077
8.697285
8.691545
8.684924
