6.166578
6.166548
6.166505
6.166457
6.166415
6.166381
6.166352
6.166326
6.166302
6.166278
6.166256
6.166234
6.166213
6.166193
6.166173
6.166153
6.166134
6.166115
6.166096
6.166078
6.166061
6.166043
6.166027
6.166010
6.165994
6.165978
6.165963
6.165948
6.165933
6.165919
6.165905
6.165891
6.165878
6.165865
6.165853
6.165840
6.165828
6.165817
6.165805
6.165794
6.165784
6.165773
6.165763
6.165753
6.165744
6.165735
6.165726
6.165717
6.165709
6.165701
6.165693
6.165685
6.165678
6.165672
6.165665
6.165659
6.165653
6.165647
6.165642
6.165637
6.165632
6.165628
6.165624
6.165621
6.165618
6.165615
6.165613
6.165611
6.165610
6.165610
6.165610
6.165610
6.165612
6.165614
6.165617
6.165621
6.165626
6.165632
6.165640
6.165650
6.165662
6.165676
6.165693
6.165712
6.165734
6.165758
6.165786
6.165816
6.165850
6.165888
6.165929
6.165973
6.166022
6.166075
6.166132
6.166193
6.166259
6.166330
6.166405
6.166486
6.166571
6.166662
6.166758
6.166860
6.166967
6.167080
6.167200
6.167325
6.167456
6.167594
6.167738
6.167889
6.168047
6.168212
6.168384
6.168563
6.168749
6.168943
6.169146
6.169356
6.169572
6.169795
6.170024
6.170261
6.170506
6.170758
6.171018
6.171286
6.171563
6.171847
6.172141
6.172442
6.172753
6.173073
6.173401
6.173739
6.174087
6.174443
6.174809
6.175185
6.175571
6.175967
6.176373
6.176789
6.177215
6.177652
6.178100
6.178558
6.179027
6.179507
6.179998
6.180501
6.181014
6.181539
6.182075
6.182623
6.183182
6.183753
6.184335
6.184930
6.185536
6.186154
6.186784
6.187425
6.188079
6.188745
6.189422
6.190112
6.190814
6.191527
6.192253
6.192992
6.193743
6.194510
6.195296
6.196113
6.196985
6.198002
6.199080
6.200184
6.201308
6.202449
6.203608
6.204783
6.205975
6.207184
6.208408
6.209649
6.210905
6.212176
6.213463
6.214764
6.216081
6.217411
6.218756
6.220115
6.221487
6.222874
6.224273
6.225686
6.227112
6.228551
6.230003
6.231468
6.232946
6.234437
6.235940
6.237456
6.238985
6.240527
6.242082
6.243649
6.245230
6.246824
6.248431
6.250052
6.251686
6.253333
6.254994
6.256669
6.258358
6.260061
6.261778
6.263509
6.265255
6.267016
6.268791
6.270582
6.272387
6.274208
6.276044
6.277896
6.279763
6.281646
6.283545
6.285460
6.287391
6.289339
6.291302
6.293282
6.295279
6.297293
6.299323
6.301370
6.303434
6.305515
6.307614
6.309729
6.311862
6.314012
6.316179
6.318364
6.320567
6.322787
6.325025
6.327281
6.329555
6.331846
6.334155
6.336483
6.338828
6.341191
6.343572
6.345972
6.348389
6.350824
6.353277
6.355749
6.358239
6.360746
6.363272
6.365816
6.368378
6.370958
6.373555
6.376168
6.378775
6.381217
6.383649
6.386096
6.388559
6.391039
6.393535
6.396049
6.398579
6.401126
6.403689
6.406270
6.408867
6.411481
6.414113
6.416761
6.419426
6.422107
6.424806
6.427522
6.430254
6.433003
6.435770
6.438552
6.441352
6.444168
6.447001
6.449851
6.452717
6.455600
6.458499
6.461414
6.464346
6.467294
6.470258
6.473238
6.476234
6.479245
6.482273
6.485316
6.488374
6.491448
6.494537
6.497641
6.500760
6.503894
6.507042
6.510205
6.513382
6.516573
6.519778
6.522997
6.526230
6.529476
6.532734
6.536006
6.539291
6.542588
6.545897
6.549218
6.552551
6.555895
6.559250
6.562616
6.565993
6.569379
6.572776
6.576183
6.579598
6.583023
6.586456
6.589897
6.593346
6.596803
6.600266
6.603736
6.607212
6.610694
6.614181
6.617673
6.621169
6.624670
6.628174
6.631681
6.635192
6.638705
6.642220
6.645738
6.649258
6.652779
6.656303
6.659829
6.663356
6.666886
6.670419
6.673953
6.677490
6.681030
6.684572
6.688116
6.691652
6.695090
6.698519
6.701946
6.705371
6.708793
6.712209
6.715620
6.719022
6.722414
6.725796
6.729165
6.732521
6.735861
6.739185
6.742492
6.745781
6.749050
6.752299
6.755525
6.758728
6.761905
6.765056
6.768177
6.771266
6.774321
6.777339
6.780316
6.783251
6.786140
6.788981
6.791772
6.794510
6.797195
6.799826
6.802405
6.804934
6.807416
6.809857
6.812266
6.814652
6.817028
6.819407
6.821806
6.824240
6.826727
6.829281
6.831913
6.834629
6.837427
6.840299
6.843229
6.846198
6.849180
6.852152
6.855090
6.857972
6.860783
6.863509
6.866142
6.868680
6.871119
6.873463
6.875714
6.877878
6.879960
6.881967
6.883905
6.885781
6.887602
6.889374
6.891104
6.892797
6.894459
6.896096
6.897714
6.899317
6.900913
6.902507
6.904103
6.905706
6.907321
6.908951
6.910601
6.912277
6.913982
6.915722
6.917502
6.919326
6.921199
6.923127
6.925115
6.927167
6.929289
6.931486
6.933763
6.936126
6.938579
6.941129
6.943780
6.946539
6.949412
6.952405
6.955525
6.958779
6.962178
6.965740
6.969482
6.973423
6.977583
6.981989
6.986669
6.991655
6.996984
7.002700
7.008853
7.015501
7.022712
7.030563
7.039146
7.048563
7.058934
7.070395
7.083097
7.097210
7.112919
7.130423
7.149929
7.171651
7.195802
7.222585
7.252184
7.284758
7.320431
7.359280
7.401333
7.446560
7.494868
7.546101
7.600042
7.656456
7.715788
7.776923
7.839377
7.902688
7.966409
8.030150
8.093654
8.156851
8.219721
8.281776
8.341534
8.396990
8.446511
8.488428
8.523294
8.551684
8.574326
8.591992
8.605422
8.615535
8.623097
8.628510
8.631353
8.631879
8.631903
8.631811
8.631625
8.631523
8.631179
8.631021
8.630662
8.630421
8.630119
8.629797
8.629450
8.629078
8.628682
8.628260
8.627814
8.627343
8.626846
8.626323
8.625772
8.625193
8.624583
8.623939
8.623258
8.622536
8.621767
8.620942
8.620052
8.619085
8.618019
8.616826
8.615451
8.613797
8.611626
8.607981
8.599596
