6.166872
6.166843
6.166801
6.166755
6.166713
6.166681
6.166652
6.166627
6.166603
6.166580
6.166559
6.166537
6.166517
6.166496
6.166477
6.166457
6.166439
6.166420
6.166402
6.166384
6.166367
6.166350
6.166334
6.166317
6.166302
6.166286
6.166271
6.166257
6.166242
6.166228
6.166215
6.166201
6.166188
6.166176
6.166164
6.166152
6.166140
6.166129
6.166118
6.166107
6.166097
6.166087
6.166077
6.166068
6.166059
6.166050
6.166041
6.166033
6.166025
6.166018
6.166011
6.166004
6.165997
6.165991
6.165985
6.165980
6.165974
6.165970
6.165965
6.165961
6.165957
6.165954
6.165951
6.165949
6.165947
6.165945
6.165944
6.165944
6.165944
6.165945
6.165947
6.165949
6.165953
6.165957
6.165962
6.165969
6.165976
6.165985
6.165996
6.166009
6.166024
6.166041
6.166061
6.166084
6.166110
6.166138
6.166169
6.166204
6.166242
6.166284
6.166329
6.166379
6.166432
6.166489
6.166551
6.166617
6.166688
6.166764
6.166844
6.166929
6.167020
6.167116
6.167217
6.167324
6.167437
6.167555
6.167680
6.167810
6.167947
6.168091
6.168240
6.168397
6.168560
6.168730
6.168908
6.169092
6.169284
6.169484
6.169691
6.169908
6.170130
6.170358
6.170594
6.170836
6.171086
6.171344
6.171610
6.171884
6.172166
6.172456
6.172755
6.173063
6.173379
6.173704
6.174039
6.174382
6.174735
6.175097
6.175469
6.175851
6.176243
6.176644
6.177056
6.177478
6.177911
6.178354
6.178807
6.179272
6.179747
6.180233
6.180731
6.181240
6.181760
6.182291
6.182835
6.183390
6.183956
6.184535
6.185125
6.185728
6.186342
6.186969
6.187607
6.188258
6.188922
6.189598
6.190286
6.190987
6.191700
6.192426
6.193165
6.193917
6.194682
6.195464
6.196266
6.197098
6.197984
6.199002
6.200080
6.201185
6.202309
6.203452
6.204613
6.205791
6.206986
6.208199
6.209428
6.210675
6.211937
6.213216
6.214511
6.215821
6.217147
6.218489
6.219845
6.221216
6.222602
6.224002
6.225416
6.226844
6.228286
6.229741
6.231210
6.232692
6.234187
6.235695
6.237217
6.238751
6.240298
6.241858
6.243431
6.245016
6.246615
6.248226
6.249850
6.251486
6.253136
6.254798
6.256473
6.258162
6.259863
6.261578
6.263305
6.265047
6.266801
6.268570
6.270352
6.272147
6.273957
6.275781
6.277619
6.279471
6.281338
6.283219
6.285114
6.287025
6.288950
6.290890
6.292845
6.294816
6.296801
6.298802
6.300819
6.302851
6.304898
6.306962
6.309041
6.311136
6.313248
6.315375
6.317519
6.319679
6.321855
6.324048
6.326257
6.328483
6.330726
6.332986
6.335262
6.337555
6.339865
6.342192
6.344536
6.346897
6.349275
6.351670
6.354083
6.356512
6.358959
6.361424
6.363905
6.366404
6.368920
6.371453
6.374004
6.376569
6.379129
6.381542
6.383946
6.386363
6.388797
6.391246
6.393712
6.396194
6.398693
6.401208
6.403739
6.406287
6.408852
6.411433
6.414030
6.416645
6.419276
6.421923
6.424588
6.427269
6.429967
6.432682
6.435414
6.438162
6.440928
6.443710
6.446508
6.449324
6.452156
6.455005
6.457870
6.460752
6.463651
6.466566
6.469497
6.472445
6.475409
6.478389
6.481385
6.484398
6.487426
6.490470
6.493530
6.496606
6.499697
6.502803
6.505925
6.509061
6.512212
6.515378
6.518558
6.521753
6.524962
6.528185
6.531421
6.534672
6.537935
6.541211
6.544500
6.547802
6.551116
6.554442
6.557780
6.561130
6.564490
6.567862
6.571244
6.574636
6.578038
6.581450
6.584871
6.588300
6.591738
6.595184
6.598637
6.602098
6.605565
6.609039
6.612519
6.616004
6.619495
6.622990
6.626489
6.629992
6.633499
6.637009
6.640522
6.644038
6.647557
6.651078
6.654602
6.658128
6.661656
6.665187
6.668721
6.672257
6.675796
6.679338
6.682881
6.686426
6.689963
6.693395
6.696818
6.700239
6.703656
6.707069
6.710475
6.713875
6.717265
6.720645
6.724015
6.727372
6.730719
6.734054
6.737379
6.740698
6.744012
6.747328
6.750651
6.753990
6.757357
6.760764
6.764228
6.767763
6.771386
6.775112
6.778949
6.782894
6.786934
6.791041
6.795179
6.799305
6.803380
6.807372
6.811257
6.815018
6.818646
6.822136
6.825488
6.828705
6.831791
6.834753
6.837598
6.840338
6.842985
6.845553
6.848053
6.850483
6.852833
6.855089
6.857236
6.859260
6.861155
6.862920
6.864557
6.866075
6.867481
6.868785
6.869992
6.871110
6.872115
6.873022
6.873843
6.874589
6.875265
6.875878
6.876434
6.876939
6.877396
6.877810
6.878185
6.878524
6.878832
6.879111
6.879363
6.879592
6.879800
6.879988
6.880160
6.880316
6.880458
6.880589
6.880709
6.880819
6.880922
6.881018
6.881107
6.881193
6.881274
6.881353
6.881431
6.881507
6.881584
6.881663
6.881745
6.881831
6.881923
6.882024
6.882136
6.882263
6.882410
6.882586
6.882801
6.883078
6.883459
6.883923
6.884484
6.885163
6.885988
6.887008
6.888279
6.889874
6.891884
6.894425
6.897641
6.901700
6.906795
6.913139
6.920957
6.930478
6.941928
6.955520
6.971449
6.989885
7.010967
7.034803
7.061468
7.090999
7.123401
7.158645
7.196667
7.237374
7.280641
7.326316
7.374220
7.424154
7.475894
7.529201
7.583820
7.639486
7.695963
7.753534
7.811374
7.869165
7.926669
7.983774
8.040689
8.098226
8.157469
8.217419
8.274389
8.326087
8.371636
8.410994
8.444482
8.472748
8.496470
8.516317
8.532916
8.546838
8.558586
8.568584
8.576039
8.581609
8.585671
8.588517
8.590376
8.591453
8.591973
8.592159
8.592161
8.592058
8.591889
8.591696
8.591348
8.591167
8.590679
8.590429
8.589895
8.589566
8.589135
8.588676
8.588216
8.587726
8.587204
8.586649
8.586057
8.585425
8.584747
8.584018
8.583230
8.582371
8.581428
8.580381
8.579202
8.577843
8.576224
8.574192
8.571272
8.562991
