6.166688
6.166657
6.166614
6.166566
6.166524
6.166490
6.166461
6.166435
6.166411
6.166388
6.166365
6.166344
6.166323
6.166302
6.166282
6.166263
6.166243
6.166225
6.166206
6.166188
6.166171
6.166154
6.166137
6.166121
6.166105
6.166089
6.166074
6.166059
6.166045
6.166031
6.166017
6.166004
6.165990
6.165978
6.165965
6.165953
6.165942
6.165930
6.165919
6.165908
6.165898
6.165888
6.165878
6.165868
6.165859
6.165850
6.165841
6.165833
6.165825
6.165817
6.165810
6.165803
6.165796
6.165789
6.165783
6.165777
6.165772
6.165766
6.165761
6.165757
6.165753
6.165749
6.165745
6.165742
6.165740
6.165737
6.165736
6.165735
6.165734
6.165734
6.165735
6.165736
6.165738
6.165741
6.165745
6.165750
6.165756
6.165764
6.165773
6.165785
6.165798
6.165814
6.165833
6.165855
6.165879
6.165906
6.165937
6.165970
6.166008
6.166049
6.166093
6.166142
6.166195
6.166252
6.166314
6.166380
6.166451
6.166526
6.166607
6.166693
6.166784
6.166881
6.166983
6.167091
6.167205
6.167325
6.167450
6.167582
6.167720
6.167865
6.168017
6.168175
6.168340
6.168512
6.168693
6.168879
6.169071
6.169269
6.169474
6.169685
6.169903
6.170129
6.170361
6.170601
6.170849
6.171104
6.171368
6.171639
6.171918
6.172206
6.172502
6.172806
6.173119
6.173440
6.173771
6.174110
6.174458
6.174816
6.175183
6.175559
6.175945
6.176341
6.176746
6.177162
6.177587
6.178023
6.178469
6.178925
6.179392
6.179869
6.180357
6.180856
6.181366
6.181887
6.182419
6.182962
6.183517
6.184082
6.184659
6.185248
6.185848
6.186459
6.187082
6.187717
6.188363
6.189021
6.189691
6.190373
6.191066
6.191772
6.192489
6.193218
6.193959
6.194714
6.195487
6.196290
6.197148
6.198158
6.199227
6.200322
6.201434
6.202564
6.203712
6.204875
6.206056
6.207252
6.208465
6.209693
6.210937
6.212196
6.213471
6.214760
6.216064
6.217382
6.218715
6.220062
6.221422
6.222797
6.224185
6.225586
6.227000
6.228428
6.229868
6.231321
6.232788
6.234267
6.235759
6.237263
6.238781
6.240311
6.241854
6.243410
6.244979
6.246561
6.248157
6.249765
6.251387
6.253022
6.254671
6.256334
6.258010
6.259701
6.261406
6.263125
6.264858
6.266607
6.268370
6.270147
6.271940
6.273749
6.275572
6.277411
6.279266
6.281137
6.283024
6.284927
6.286846
6.288782
6.290734
6.292703
6.294689
6.296692
6.298712
6.300749
6.302803
6.304876
6.306965
6.309073
6.311198
6.313341
6.315503
6.317682
6.319880
6.322096
6.324330
6.326583
6.328855
6.331145
6.333454
6.335782
6.338129
6.340494
6.342879
6.345283
6.347705
6.350147
6.352608
6.355088
6.357588
6.360107
6.362645
6.365203
6.367779
6.370376
6.372991
6.375623
6.378252
6.380688
6.383116
6.385560
6.388021
6.390500
6.392997
6.395511
6.398043
6.400592
6.403160
6.405745
6.408347
6.410968
6.413606
6.416262
6.418935
6.421626
6.424335
6.427062
6.429806
6.432567
6.435346
6.438143
6.440957
6.443788
6.446636
6.449502
6.452385
6.455285
6.458202
6.461136
6.464086
6.467054
6.470038
6.473038
6.476055
6.479088
6.482137
6.485202
6.488283
6.491379
6.494491
6.497618
6.500760
6.503917
6.507089
6.510276
6.513477
6.516692
6.519921
6.523163
6.526419
6.529689
6.532971
6.536266
6.539574
6.542894
6.546225
6.549569
6.552924
6.556289
6.559666
6.563052
6.566449
6.569855
6.573271
6.576696
6.580129
6.583570
6.587019
6.590476
6.593939
6.597409
6.600884
6.604365
6.607852
6.611343
6.614838
6.618337
6.621839
6.625345
6.628853
6.632363
6.635875
6.639388
6.642903
6.646418
6.649935
6.653452
6.656970
6.660488
6.664007
6.667527
6.671047
6.674568
6.678089
6.681611
6.685132
6.688652
6.692163
6.695564
6.698954
6.702341
6.705723
6.709099
6.712468
6.715829
6.719181
6.722522
6.725852
6.729168
6.732470
6.735757
6.739027
6.742279
6.745513
6.748727
6.751919
6.755090
6.758238
6.761361
6.764460
6.767534
6.770582
6.773604
6.776602
6.779578
6.782534
6.785475
6.788406
6.791333
6.794267
6.797215
6.800189
6.803199
6.806251
6.809350
6.812491
6.815662
6.818844
6.822013
6.825143
6.828209
6.831188
6.834064
6.836822
6.839453
6.841951
6.844311
6.846532
6.848613
6.850556
6.852360
6.854029
6.855566
6.856973
6.858254
6.859415
6.860459
6.861394
6.862225
6.862959
6.863604
6.864168
6.864657
6.865080
6.865443
6.865749
6.866002
6.866207
6.866372
6.866504
6.866594
6.866652
6.866684
6.866698
6.866703
6.866705
6.866705
6.866704
6.866703
6.866701
6.866699
6.866697
6.866694
6.866691
6.866688
6.866685
6.866682
6.866679
6.866676
6.866672
6.866669
6.866666
6.866662
6.866659
6.866655
6.866652
6.866648
6.866645
6.866642
6.866639
6.866636
6.866633
6.866631
6.866628
6.866626
6.866624
6.866623
6.866622
6.866621
6.866623
6.866628
6.866659
6.866785
6.867079
6.867641
6.868592
6.870094
6.872346
6.875578
6.880034
6.885970
6.893659
6.903402
6.915533
6.930419
6.948445
6.970004
6.995479
7.025231
7.059588
7.098840
7.143237
7.192995
7.248305
7.309330
7.376189
7.448907
7.527396
7.614597
7.706381
7.801359
7.897943
7.994629
8.090504
8.185574
8.279667
8.369603
8.449910
8.517421
8.571940
8.613994
8.646015
8.669904
8.687257
8.699447
8.707797
8.713460
8.716799
8.717188
8.717171
8.717052
8.716938
8.716664
8.716505
8.716183
8.715937
8.715664
8.715354
8.715024
8.714671
8.714295
8.713896
8.713474
8.713028
8.712559
8.712065
8.711548
8.711006
8.710438
8.709843
8.709219
8.708564
8.707875
8.707149
8.706382
8.705566
8.704694
8.703755
8.702736
8.701619
8.700379
8.698976
8.697338
8.695175
8.693110
8.686099
8.677532
