6.168595
6.168564
6.168522
6.168474
6.168432
6.168398
6.168370
6.168344
6.168320
6.168297
6.168275
6.168254
6.168233
6.168213
6.168193
6.168174
6.168155
6.168136
6.168118
6.168101
6.168084
6.168067
6.168051
6.168035
6.168019
6.168004
6.167989
6.167975
6.167961
6.167947
6.167934
6.167921
6.167909
6.167896
6.167885
6.167873
6.167862
6.167851
6.167841
6.167830
6.167821
6.167811
6.167802
6.167793
6.167784
6.167776
6.167768
6.167761
6.167753
6.167747
6.167740
6.167734
6.167728
6.167722
6.167717
6.167712
6.167708
6.167704
6.167700
6.167697
6.167694
6.167692
6.167690
6.167689
6.167688
6.167688
6.167688
6.167690
6.167692
6.167695
6.167698
6.167703
6.167709
6.167717
6.167725
6.167735
6.167746
6.167760
6.167776
6.167794
6.167816
6.167841
6.167868
6.167899
6.167933
6.167971
6.168012
6.168058
6.168107
6.168161
6.168219
6.168281
6.168348
6.168420
6.168497
6.168579
6.168666
6.168758
6.168856
6.168959
6.169068
6.169183
6.169304
6.169431
6.169564
6.169703
6.169849
6.170002
6.170162
6.170328
6.170502
6.170683
6.170871
6.171068
6.171270
6.171478
6.171693
6.171914
6.172143
6.172379
6.172623
6.172874
6.173133
6.173400
6.173675
6.173958
6.174250
6.174550
6.174859
6.175177
6.175503
6.175838
6.176183
6.176537
6.176900
6.177273
6.177656
6.178049
6.178451
6.178864
6.179286
6.179720
6.180163
6.180618
6.181083
6.181559
6.182045
6.182543
6.183052
6.183573
6.184105
6.184648
6.185203
6.185769
6.186348
6.186938
6.187540
6.188154
6.188780
6.189418
6.190069
6.190731
6.191406
6.192094
6.192793
6.193505
6.194230
6.194966
6.195715
6.196477
6.197251
6.198036
6.198835
6.199649
6.200482
6.201346
6.202270
6.203354
6.204502
6.205675
6.206868
6.208079
6.209308
6.210553
6.211816
6.213096
6.214393
6.215706
6.217036
6.218383
6.219745
6.221124
6.222518
6.223928
6.225353
6.226794
6.228249
6.229719
6.231205
6.232704
6.234218
6.235747
6.237289
6.238845
6.240416
6.241999
6.243597
6.245208
6.246833
6.248471
6.250123
6.251787
6.253465
6.255157
6.256861
6.258579
6.260310
6.262055
6.263812
6.265583
6.267366
6.269163
6.270973
6.272796
6.274632
6.276482
6.278344
6.280220
6.282109
6.284010
6.285925
6.287854
6.289795
6.291749
6.293717
6.295698
6.297691
6.299698
6.301718
6.303751
6.305797
6.307855
6.309927
6.312012
6.314109
6.316219
6.318342
6.320478
6.322627
6.324788
6.326962
6.329149
6.331348
6.333560
6.335784
6.338021
6.340270
6.342531
6.344806
6.347092
6.349391
6.351702
6.354026
6.356362
6.358711
6.361072
6.363446
6.365833
6.368232
6.370644
6.373070
6.375508
6.377960
6.380424
6.382903
6.385392
6.387873
6.390201
6.392517
6.394843
6.397183
6.399535
6.401900
6.404277
6.406667
6.409070
6.411485
6.413912
6.416351
6.418803
6.421268
6.423744
6.426233
6.428734
6.431248
6.433775
6.436313
6.438865
6.441429
6.444005
6.446595
6.449197
6.451812
6.454439
6.457080
6.459734
6.462400
6.465080
6.467773
6.470480
6.473199
6.475932
6.478678
6.481438
6.484211
6.486998
6.489798
6.492611
6.495438
6.498279
6.501133
6.504000
6.506881
6.509775
6.512682
6.515603
6.518537
6.521484
6.524444
6.527417
6.530404
6.533403
6.536415
6.539439
6.542475
6.545524
6.548585
6.551657
6.554741
6.557836
6.560942
6.564060
6.567187
6.570325
6.573473
6.576630
6.579796
6.582971
6.586155
6.589346
6.592545
6.595751
6.598963
6.602181
6.605405
6.608633
6.611866
6.615103
6.618342
6.621584
6.624828
6.628073
6.631318
6.634563
6.637807
6.641050
6.644289
6.647526
6.650758
6.653985
6.657207
6.660422
6.663631
6.666831
6.670023
6.673205
6.676369
6.679436
6.682484
6.685522
6.688549
6.691566
6.694573
6.697571
6.700561
6.703543
6.706518
6.709489
6.712455
6.715418
6.718380
6.721341
6.724303
6.727267
6.730233
6.733201
6.736174
6.739149
6.742129
6.745111
6.748096
6.751082
6.754069
6.757056
6.760041
6.763023
6.765999
6.768970
6.771933
6.774887
6.777829
6.780759
6.783676
6.786581
6.789476
6.792367
6.795262
6.798174
6.801118
6.804112
6.807171
6.810308
6.813526
6.816823
6.820187
6.823601
6.827046
6.830502
6.833951
6.837379
6.840774
6.844128
6.847434
6.850689
6.853891
6.857038
6.860130
6.863169
6.866155
6.869090
6.871976
6.874814
6.877608
6.880359
6.883069
6.885742
6.888380
6.890986
6.893562
6.896112
6.898639
6.901146
6.903637
6.906116
6.908586
6.911051
6.913517
6.915986
6.918465
6.920958
6.923470
6.926007
6.928574
6.931177
6.933823
6.936517
6.939268
6.942083
6.944969
6.947934
6.950988
6.954141
6.957402
6.960782
6.964294
6.967950
6.971766
6.975769
6.979961
6.984355
6.988965
6.993807
6.998899
7.004258
7.009904
7.015856
7.022139
7.028778
7.035802
7.043242
7.051137
7.059529
7.068466
7.078002
7.088202
7.099134
7.110879
7.123524
7.137169
7.151918
7.167889
7.185202
7.203988
7.224379
7.246508
7.270510
7.296510
7.324628
7.354970
7.387626
7.422664
7.460129
7.500036
7.542370
7.587082
7.634088
7.683305
7.735138
7.788859
7.844187
7.900840
7.958504
8.016837
8.075481
8.134069
8.192259
8.249788
8.306582
8.362901
8.419146
8.474516
8.525899
8.569540
8.605626
8.634678
8.657466
8.674842
8.687947
8.697856
8.705343
8.709818
8.712054
8.712568
8.712607
8.712513
8.712330
8.712203
8.711889
8.711727
8.711314
8.711066
8.710745
8.710406
8.710042
8.709650
8.709231
8.708784
8.708309
8.707805
8.707270
8.706704
8.706105
8.705469
8.704793
8.704072
8.703299
8.702467
8.701562
8.700569
8.699464
8.698205
8.696721
8.694866
8.692281
8.688265
8.681387
