6.135757
6.135724
6.135679
6.135630
6.135586
6.135553
6.135525
6.135499
6.135477
6.135455
6.135435
6.135415
6.135396
6.135378
6.135361
6.135345
6.135329
6.135313
6.135299
6.135285
6.135272
6.135259
6.135247
6.135235
6.135224
6.135214
6.135204
6.135195
6.135187
6.135179
6.135172
6.135166
6.135160
6.135155
6.135151
6.135147
6.135144
6.135143
6.135142
6.135142
6.135143
6.135145
6.135148
6.135153
6.135159
6.135165
6.135173
6.135183
6.135193
6.135205
6.135218
6.135232
6.135248
6.135265
6.135283
6.135303
6.135324
6.135346
6.135370
6.135395
6.135422
6.135450
6.135480
6.135511
6.135543
6.135578
6.135613
6.135651
6.135690
6.135731
6.135773
6.135817
6.135862
6.135910
6.135959
6.136010
6.136064
6.136129
6.136199
6.136274
6.136352
6.136433
6.136517
6.136605
6.136695
6.136789
6.136886
6.136986
6.137090
6.137197
6.137308
6.137422
6.137540
6.137662
6.137788
6.137917
6.138050
6.138187
6.138328
6.138473
6.138623
6.138776
6.138934
6.139095
6.139262
6.139432
6.139607
6.139787
6.139971
6.140160
6.140353
6.140552
6.140755
6.140963
6.141176
6.141394
6.141618
6.141846
6.142080
6.142319
6.142564
6.142814
6.143069
6.143331
6.143598
6.143870
6.144149
6.144434
6.144724
6.145021
6.145324
6.145633
6.145949
6.146271
6.146600
6.146935
6.147277
6.147625
6.147981
6.148343
6.148713
6.149090
6.149474
6.149865
6.150264
6.150670
6.151084
6.151505
6.151934
6.152371
6.152817
6.153270
6.153731
6.154201
6.154679
6.155165
6.155660
6.156163
6.156676
6.157197
6.157727
6.158266
6.158814
6.159371
6.159938
6.160514
6.161100
6.161695
6.162300
6.162916
6.163541
6.164178
6.164825
6.165484
6.166158
6.166861
6.167594
6.168380
6.169210
6.170073
6.170963
6.171875
6.172805
6.173752
6.174714
6.175692
6.176684
6.177691
6.178713
6.179750
6.180801
6.181868
6.182950
6.184047
6.185159
6.186286
6.187429
6.188588
6.189762
6.190952
6.192158
6.193380
6.194618
6.195871
6.197141
6.198427
6.199730
6.201048
6.202383
6.203735
6.205103
6.206488
6.207889
6.209307
6.210742
6.212193
6.213661
6.215147
6.216649
6.218168
6.219705
6.221259
6.222831
6.224420
6.226026
6.227650
6.229291
6.230950
6.232626
6.234320
6.236031
6.237760
6.239506
6.241270
6.243051
6.244850
6.246667
6.248500
6.250352
6.252221
6.254107
6.256011
6.257933
6.259872
6.261828
6.263802
6.265794
6.267802
6.269829
6.271872
6.273933
6.276012
6.278108
6.280221
6.282351
6.284499
6.286664
6.288847
6.291046
6.293263
6.295497
6.297749
6.300017
6.302303
6.304605
6.306925
6.309262
6.311615
6.313986
6.316374
6.318779
6.321201
6.323639
6.326094
6.328563
6.331038
6.333486
6.335836
6.338149
6.340453
6.342763
6.345089
6.347429
6.349785
6.352156
6.354542
6.356943
6.359359
6.361791
6.364237
6.366699
6.369176
6.371668
6.374176
6.376699
6.379236
6.381790
6.384358
6.386941
6.389540
6.392154
6.394783
6.397428
6.400088
6.402763
6.405453
6.408158
6.410879
6.413615
6.416367
6.419134
6.421916
6.424713
6.427526
6.430354
6.433198
6.436058
6.438933
6.441823
6.444729
6.447651
6.450588
6.453542
6.456511
6.459496
6.462497
6.465515
6.468549
6.471599
6.474665
6.477749
6.480849
6.483966
6.487100
6.490252
6.493422
6.496610
6.499816
6.503040
6.506283
6.509546
6.512828
6.516131
6.519454
6.522798
6.526164
6.529553
6.532964
6.536398
6.539858
6.543342
6.546852
6.550389
6.553953
6.557546
6.561169
6.564823
6.568508
6.572226
6.575978
6.579766
6.583590
6.587452
6.591353
6.595295
6.599279
6.603306
6.607378
6.611495
6.615660
6.619874
6.624138
6.628453
6.632820
6.637240
6.641709
6.646210
6.650659
6.655142
6.659676
6.664266
6.668913
6.673617
6.678378
6.683197
6.688072
6.693005
6.697993
6.703037
6.708136
6.713288
6.718492
6.723747
6.729051
6.734403
6.739800
6.745240
6.750722
6.756242
6.761798
6.767387
6.773007
6.778654
6.784326
6.790019
6.795730
6.801455
6.807193
6.812938
6.818687
6.824438
6.830185
6.835927
6.841659
6.847377
6.853078
6.858757
6.864412
6.870038
6.875632
6.881188
6.886703
6.892173
6.897594
6.902960
6.908269
6.913516
6.918698
6.923811
6.928854
6.933826
6.938725
6.943554
6.948314
6.953010
6.957645
6.962224
6.966754
6.971238
6.975680
6.980085
6.984453
6.988790
6.993101
6.997392
7.001658
7.005838
7.009816
7.013624
7.017284
7.020813
7.024232
7.027559
7.030809
7.033997
7.037132
7.040222
7.043270
7.046279
7.049248
7.052173
7.055044
7.057849
7.060572
7.063194
7.065697
7.068062
7.070270
7.072322
7.074231
7.076014
7.077697
7.079314
7.080841
7.082303
7.083715
7.085086
7.086422
7.087727
7.088999
7.090235
7.091431
7.092580
7.093677
7.094715
7.095691
7.096601
7.097446
7.098227
7.098947
7.099612
7.100225
7.100794
7.101324
7.101821
7.102293
7.102746
7.103190
7.103634
7.104087
7.104561
7.105073
7.105646
7.106326
7.107198
7.108416
7.110171
7.112546
7.115390
7.118420
7.121404
7.124300
7.127126
7.129929
7.132488
7.134687
7.136588
7.138239
7.139664
7.140889
7.141937
7.142829
7.143581
7.144211
7.144730
7.145152
7.145487
7.145745
7.145936
7.146068
7.146149
7.146185
7.146182
7.146146
7.146080
7.145987
7.145869
7.145728
7.145566
7.145384
7.145182
7.144962
7.144730
7.144465
7.144221
7.143833
7.143647
7.143184
7.142984
7.142535
7.141989
7.141780
7.141166
7.140830
7.140480
7.139704
7.139355
7.139044
7.138295
7.137382
7.136974
7.136598
7.135673
7.134512
7.133976
7.133477
7.132260
7.130758
7.130132
7.128038
7.127042
7.124612
7.122036
7.118290
7.112723
7.103066
