6.135275
6.135243
6.135198
6.135148
6.135105
6.135071
6.135042
6.135017
6.134993
6.134971
6.134950
6.134930
6.134911
6.134892
6.134874
6.134857
6.134841
6.134824
6.134809
6.134794
6.134780
6.134766
6.134753
6.134741
6.134729
6.134716
6.134705
6.134695
6.134685
6.134676
6.134668
6.134660
6.134653
6.134646
6.134640
6.134635
6.134630
6.134626
6.134623
6.134621
6.134619
6.134619
6.134620
6.134621
6.134624
6.134628
6.134633
6.134639
6.134647
6.134656
6.134665
6.134676
6.134688
6.134701
6.134716
6.134733
6.134750
6.134769
6.134789
6.134810
6.134833
6.134858
6.134883
6.134910
6.134939
6.134969
6.135001
6.135034
6.135068
6.135104
6.135141
6.135181
6.135222
6.135264
6.135308
6.135355
6.135404
6.135461
6.135524
6.135591
6.135661
6.135733
6.135809
6.135888
6.135970
6.136055
6.136143
6.136234
6.136329
6.136427
6.136528
6.136633
6.136740
6.136852
6.136967
6.137086
6.137209
6.137336
6.137466
6.137601
6.137739
6.137881
6.138027
6.138178
6.138333
6.138492
6.138656
6.138824
6.138996
6.139173
6.139355
6.139542
6.139732
6.139928
6.140130
6.140336
6.140547
6.140763
6.140985
6.141212
6.141444
6.141682
6.141925
6.142174
6.142428
6.142689
6.142955
6.143228
6.143506
6.143791
6.144082
6.144379
6.144681
6.144991
6.145307
6.145631
6.145960
6.146297
6.146641
6.146991
6.147349
6.147714
6.148085
6.148465
6.148852
6.149247
6.149649
6.150059
6.150477
6.150902
6.151336
6.151778
6.152228
6.152686
6.153153
6.153629
6.154113
6.154606
6.155107
6.155618
6.156138
6.156666
6.157204
6.157752
6.158307
6.158874
6.159450
6.160035
6.160631
6.161237
6.161853
6.162479
6.163116
6.163764
6.164425
6.165110
6.165863
6.166659
6.167493
6.168355
6.169241
6.170146
6.171069
6.172008
6.172962
6.173932
6.174917
6.175916
6.176929
6.177958
6.179003
6.180062
6.181137
6.182226
6.183332
6.184453
6.185589
6.186740
6.187909
6.189093
6.190293
6.191509
6.192741
6.193990
6.195254
6.196536
6.197834
6.199148
6.200479
6.201826
6.203190
6.204571
6.205969
6.207384
6.208816
6.210265
6.211731
6.213214
6.214715
6.216232
6.217766
6.219318
6.220887
6.222473
6.224076
6.225697
6.227335
6.228990
6.230662
6.232352
6.234059
6.235784
6.237526
6.239286
6.241063
6.242858
6.244670
6.246501
6.248349
6.250215
6.252098
6.253999
6.255918
6.257855
6.259809
6.261780
6.263770
6.265776
6.267801
6.269842
6.271901
6.273978
6.276072
6.278183
6.280312
6.282458
6.284621
6.286802
6.289000
6.291215
6.293447
6.295696
6.297962
6.300246
6.302546
6.304864
6.307199
6.309551
6.311919
6.314305
6.316707
6.319126
6.321562
6.324014
6.326480
6.328953
6.331403
6.333747
6.336057
6.338364
6.340679
6.343005
6.345343
6.347696
6.350063
6.352445
6.354843
6.357255
6.359683
6.362126
6.364585
6.367058
6.369547
6.372051
6.374570
6.377105
6.379655
6.382220
6.384800
6.387395
6.390006
6.392633
6.395274
6.397931
6.400603
6.403291
6.405993
6.408712
6.411445
6.414194
6.416958
6.419738
6.422533
6.425344
6.428170
6.431011
6.433868
6.436740
6.439627
6.442530
6.445449
6.448382
6.451332
6.454296
6.457276
6.460272
6.463283
6.466309
6.469351
6.472408
6.475481
6.478569
6.481673
6.484792
6.487926
6.491076
6.494241
6.497422
6.500618
6.503829
6.507056
6.510297
6.513555
6.516828
6.520117
6.523421
6.526741
6.530076
6.533427
6.536794
6.540175
6.543573
6.546987
6.550417
6.553862
6.557324
6.560802
6.564296
6.567807
6.571334
6.574879
6.578441
6.582019
6.585616
6.589231
6.592864
6.596516
6.600188
6.603880
6.607591
6.611324
6.615079
6.618856
6.622656
6.626480
6.630323
6.634173
6.637960
6.641754
6.645573
6.649422
6.653303
6.657218
6.661169
6.665159
6.669189
6.673263
6.677382
6.681550
6.685768
6.690042
6.694372
6.698764
6.703220
6.707744
6.712339
6.717009
6.721761
6.726594
6.731515
6.736527
6.741633
6.746838
6.752145
6.757557
6.763077
6.768707
6.774451
6.780309
6.786282
6.792371
6.798577
6.804898
6.811335
6.817885
6.824545
6.831312
6.838184
6.845154
6.852218
6.859371
6.866605
6.873913
6.881287
6.888717
6.896194
6.903709
6.911247
6.918798
6.926347
6.933883
6.941389
6.948854
6.956259
6.963593
6.970841
6.977989
6.985026
6.991938
6.998718
7.005360
7.011862
7.018231
7.024483
7.030649
7.036769
7.042893
7.049044
7.055191
7.061236
7.067066
7.072625
7.077868
7.082792
7.087421
7.091799
7.095547
7.098796
7.101636
7.104117
7.106279
7.108159
7.109787
7.111194
7.112401
7.113432
7.114307
7.115044
7.115658
7.116166
7.116579
7.116908
7.117163
7.117355
7.117492
7.117584
7.117636
7.117657
7.117649
7.117617
7.117566
7.117498
7.117414
7.117318
7.117210
7.117090
7.116955
7.116841
7.116649
7.116516
7.116403
7.116161
7.116049
7.115792
7.115671
7.115393
7.115238
7.115081
7.114806
7.114688
7.114399
7.114178
7.114036
7.113734
7.113553
7.113406
7.113114
7.112884
7.112744
7.112434
7.112298
7.111988
7.111840
7.111675
7.111407
7.111193
7.111035
7.110871
7.110687
7.110494
7.110303
7.110122
7.109950
7.109785
7.109631
7.109487
7.109341
7.109173
7.108979
7.108818
7.108696
7.108596
7.108457
7.108291
7.108138
7.108038
7.107965
7.107859
7.107732
7.107655
7.107578
7.107510
7.107448
7.107400
7.107364
7.107345
7.107343
7.107361
7.107407
7.107486
7.107607
7.107781
7.108019
7.108332
7.108733
7.109230
7.109836
7.110566
7.111439
7.112443
7.113601
7.114927
7.116438
7.118153
7.120094
7.122298
7.124825
7.127566
7.130773
7.135110
7.143386
7.152292
7.160083
7.167997
7.176870
7.188504
