6.166621
6.166590
6.166547
6.166499
6.166456
6.166422
6.166393
6.166367
6.166343
6.166320
6.166298
6.166276
6.166255
6.166234
6.166214
6.166195
6.166176
6.166157
6.166139
6.166121
6.166103
6.166086
6.166069
6.166053
6.166037
6.166022
6.166006
6.165992
6.165977
6.165963
6.165949
6.165936
6.165923
6.165910
6.165898
6.165886
6.165874
6.165863
6.165852
6.165841
6.165831
6.165821
6.165811
6.165801
6.165792
6.165783
6.165775
6.165766
6.165758
6.165751
6.165743
6.165736
6.165730
6.165723
6.165717
6.165711
6.165706
6.165701
6.165696
6.165692
6.165688
6.165684
6.165681
6.165678
6.165676
6.165674
6.165672
6.165672
6.165671
6.165672
6.165673
6.165674
6.165677
6.165681
6.165685
6.165691
6.165697
6.165705
6.165716
6.165728
6.165743
6.165760
6.165780
6.165803
6.165828
6.165857
6.165889
6.165924
6.165963
6.166006
6.166052
6.166103
6.166157
6.166216
6.166280
6.166348
6.166421
6.166499
6.166582
6.166670
6.166763
6.166862
6.166967
6.167077
6.167193
6.167315
6.167443
6.167577
6.167718
6.167866
6.168020
6.168181
6.168349
6.168525
6.168708
6.168896
6.169090
6.169290
6.169497
6.169711
6.169932
6.170160
6.170396
6.170639
6.170889
6.171148
6.171414
6.171688
6.171971
6.172261
6.172560
6.172868
6.173184
6.173509
6.173843
6.174186
6.174538
6.174899
6.175270
6.175650
6.176039
6.176439
6.176848
6.177267
6.177697
6.178136
6.178586
6.179046
6.179517
6.179999
6.180491
6.180995
6.181509
6.182034
6.182570
6.183118
6.183677
6.184247
6.184829
6.185422
6.186027
6.186644
6.187272
6.187912
6.188563
6.189227
6.189902
6.190590
6.191290
6.192002
6.192726
6.193463
6.194211
6.194974
6.195755
6.196565
6.197432
6.198448
6.199524
6.200624
6.201743
6.202879
6.204032
6.205203
6.206390
6.207594
6.208814
6.210050
6.211302
6.212570
6.213853
6.215151
6.216465
6.217793
6.219136
6.220493
6.221865
6.223251
6.224651
6.226064
6.227492
6.228932
6.230387
6.231854
6.233335
6.234829
6.236337
6.237857
6.239391
6.240938
6.242498
6.244071
6.245658
6.247258
6.248871
6.250497
6.252138
6.253791
6.255459
6.257140
6.258835
6.260545
6.262268
6.264006
6.265758
6.267524
6.269305
6.271101
6.272912
6.274738
6.276579
6.278435
6.280307
6.282194
6.284097
6.286016
6.287950
6.289900
6.291866
6.293849
6.295847
6.297862
6.299893
6.301941
6.304006
6.306087
6.308185
6.310299
6.312431
6.314580
6.316745
6.318928
6.321128
6.323345
6.325579
6.327831
6.330100
6.332386
6.334690
6.337011
6.339349
6.341705
6.344079
6.346470
6.348879
6.351305
6.353748
6.356210
6.358688
6.361185
6.363699
6.366230
6.368780
6.371346
6.373930
6.376530
6.379125
6.381553
6.383976
6.386413
6.388866
6.391335
6.393821
6.396323
6.398841
6.401376
6.403927
6.406495
6.409079
6.411679
6.414296
6.416930
6.419579
6.422246
6.424929
6.427628
6.430344
6.433076
6.435825
6.438590
6.441372
6.444170
6.446984
6.449815
6.452662
6.455524
6.458403
6.461298
6.464209
6.467136
6.470079
6.473037
6.476011
6.479001
6.482006
6.485026
6.488062
6.491113
6.494179
6.497259
6.500355
6.503464
6.506588
6.509727
6.512879
6.516046
6.519226
6.522419
6.525626
6.528846
6.532079
6.535324
6.538582
6.541852
6.545134
6.548427
6.551732
6.555048
6.558375
6.561712
6.565059
6.568417
6.571783
6.575159
6.578544
6.581938
6.585339
6.588748
6.592164
6.595588
6.599018
6.602454
6.605895
6.609342
6.612794
6.616250
6.619710
6.623173
6.626639
6.630108
6.633578
6.637051
6.640524
6.643999
6.647474
6.650950
6.654426
6.657902
6.661377
6.664852
6.668327
6.671801
6.675274
6.678747
6.682218
6.685688
6.689148
6.692508
6.695857
6.699203
6.702544
6.705880
6.709210
6.712533
6.715848
6.719154
6.722450
6.725734
6.729005
6.732263
6.735507
6.738734
6.741945
6.745138
6.748313
6.751467
6.754600
6.757711
6.760798
6.763860
6.766895
6.769901
6.772877
6.775822
6.778733
6.781611
6.784453
6.787259
6.790028
6.792762
6.795460
6.798127
6.800765
6.803381
6.805982
6.808578
6.811183
6.813812
6.816485
6.819224
6.822053
6.824998
6.828085
6.831338
6.834777
6.838415
6.842252
6.846276
6.850456
6.854745
6.859081
6.863395
6.867618
6.871692
6.875573
6.879230
6.882647
6.885818
6.888746
6.891437
6.893902
6.896155
6.898210
6.900080
6.901779
6.903320
6.904716
6.905979
6.907119
6.908148
6.909075
6.909908
6.910656
6.911327
6.911927
6.912464
6.912943
6.913370
6.913750
6.914088
6.914388
6.914654
6.914890
6.915100
6.915286
6.915450
6.915597
6.915727
6.915844
6.915950
6.916046
6.916135
6.916218
6.916299
6.916379
6.916462
6.916551
6.916649
6.916762
6.916897
6.917060
6.917261
6.917511
6.917825
6.918218
6.918709
6.919321
6.920079
6.921015
6.922162
6.923561
6.925258
6.927307
6.929769
6.932715
6.936225
6.940393
6.945323
6.951133
6.957959
6.965949
6.975272
6.986112
6.998670
7.013166
7.029833
7.048917
7.070668
7.095340
7.123183
7.154430
7.189294
7.227960
7.270576
7.317247
7.368036
7.423011
7.484516
7.550345
7.620302
7.694173
7.771662
7.852385
7.935853
8.021470
8.108533
8.196234
8.283655
8.369728
8.453169
8.532521
8.606620
8.674300
8.729643
8.747731
8.748466
8.748437
8.748336
8.748137
8.748011
8.747761
8.747453
8.747245
8.746974
8.746686
8.746377
8.746047
8.745696
8.745325
8.744934
8.744523
8.744093
8.743644
8.743176
8.742687
8.742179
8.741651
8.741102
8.740531
8.739936
8.739316
8.738669
8.737992
8.737280
8.736529
8.735730
8.734874
8.733948
8.732934
8.731807
8.730526
8.729023
8.727183
8.724794
8.721502
8.715960
