6.133316
6.133285
6.133240
6.133191
6.133147
6.133112
6.133082
6.133055
6.133030
6.133006
6.132983
6.132960
6.132938
6.132917
6.132896
6.132875
6.132855
6.132835
6.132816
6.132797
6.132778
6.132760
6.132743
6.132725
6.132708
6.132692
6.132675
6.132660
6.132644
6.132629
6.132614
6.132600
6.132585
6.132572
6.132558
6.132545
6.132532
6.132519
6.132507
6.132495
6.132484
6.132472
6.132461
6.132450
6.132440
6.132430
6.132420
6.132410
6.132401
6.132391
6.132383
6.132374
6.132366
6.132358
6.132350
6.132342
6.132335
6.132328
6.132321
6.132315
6.132308
6.132302
6.132297
6.132291
6.132286
6.132282
6.132277
6.132273
6.132269
6.132266
6.132263
6.132260
6.132258
6.132256
6.132255
6.132255
6.132255
6.132256
6.132258
6.132262
6.132267
6.132274
6.132283
6.132294
6.132306
6.132321
6.132337
6.132356
6.132378
6.132401
6.132427
6.132456
6.132487
6.132521
6.132557
6.132596
6.132638
6.132683
6.132731
6.132782
6.132837
6.132894
6.132955
6.133019
6.133087
6.133158
6.133233
6.133312
6.133394
6.133481
6.133571
6.133666
6.133765
6.133868
6.133976
6.134087
6.134204
6.134325
6.134451
6.134582
6.134719
6.134860
6.135006
6.135158
6.135316
6.135479
6.135648
6.135823
6.136004
6.136191
6.136385
6.136584
6.136791
6.137004
6.137224
6.137452
6.137686
6.137928
6.138177
6.138434
6.138699
6.138971
6.139252
6.139541
6.139839
6.140146
6.140461
6.140785
6.141118
6.141461
6.141813
6.142174
6.142546
6.142929
6.143322
6.143723
6.144133
6.144553
6.144981
6.145418
6.145865
6.146323
6.146790
6.147268
6.147756
6.148254
6.148763
6.149283
6.149814
6.150358
6.150912
6.151478
6.152058
6.152653
6.153265
6.153902
6.154573
6.155305
6.156094
6.156915
6.157758
6.158621
6.159504
6.160404
6.161323
6.162260
6.163215
6.164190
6.165182
6.166194
6.167224
6.168272
6.169339
6.170425
6.171529
6.172651
6.173793
6.174952
6.176129
6.177325
6.178538
6.179769
6.181018
6.182284
6.183568
6.184869
6.186187
6.187523
6.188874
6.190243
6.191628
6.193030
6.194448
6.195882
6.197332
6.198798
6.200280
6.201777
6.203291
6.204820
6.206364
6.207924
6.209500
6.211091
6.212698
6.214320
6.215958
6.217612
6.219280
6.220965
6.222665
6.224381
6.226113
6.227860
6.229623
6.231403
6.233198
6.235010
6.236837
6.238681
6.240541
6.242418
6.244312
6.246221
6.248148
6.250091
6.252051
6.254028
6.256022
6.258033
6.260061
6.262106
6.264169
6.266248
6.268345
6.270458
6.272590
6.274738
6.276904
6.279087
6.281287
6.283505
6.285740
6.287993
6.290263
6.292550
6.294854
6.297176
6.299514
6.301871
6.304244
6.306634
6.309042
6.311466
6.313907
6.316358
6.318790
6.321081
6.323339
6.325605
6.327886
6.330181
6.332492
6.334818
6.337159
6.339516
6.341888
6.344276
6.346679
6.349098
6.351531
6.353979
6.356445
6.358924
6.361419
6.363929
6.366455
6.368996
6.371553
6.374125
6.376713
6.379316
6.381934
6.384568
6.387218
6.389883
6.392564
6.395260
6.397972
6.400699
6.403442
6.406201
6.408976
6.411766
6.414573
6.417395
6.420233
6.423087
6.425957
6.428843
6.431745
6.434663
6.437597
6.440548
6.443515
6.446498
6.449498
6.452514
6.455546
6.458595
6.461661
6.464743
6.467842
6.470958
6.474091
6.477241
6.480407
6.483591
6.486792
6.490009
6.493245
6.496497
6.499767
6.503054
6.506358
6.509680
6.513020
6.516377
6.519752
6.523144
6.526554
6.529982
6.533428
6.536892
6.540373
6.543872
6.547389
6.550924
6.554477
6.558048
6.561637
6.565244
6.568869
6.572511
6.576172
6.579850
6.583546
6.587260
6.590992
6.594741
6.598508
6.602293
6.606095
6.609914
6.613751
6.617602
6.621454
6.625220
6.628986
6.632766
6.636562
6.640374
6.644202
6.648045
6.651904
6.655779
6.659669
6.663574
6.667495
6.671430
6.675380
6.679345
6.683323
6.687316
6.691323
6.695343
6.699377
6.703424
6.707484
6.711557
6.715642
6.719739
6.723848
6.727969
6.732101
6.736244
6.740398
6.744563
6.748738
6.752923
6.757117
6.761321
6.765534
6.769756
6.773987
6.778225
6.782472
6.786727
6.790989
6.795260
6.799537
6.803823
6.808115
6.812415
6.816723
6.821038
6.825361
6.829692
6.834032
6.838381
6.842740
6.847110
6.851492
6.855888
6.860298
6.864724
6.869169
6.873634
6.878124
6.882640
6.887188
6.891769
6.896390
6.901056
6.905771
6.910544
6.915383
6.920294
6.925287
6.930374
6.935563
6.940869
6.946305
6.951884
6.957623
6.963539
6.969650
6.975976
6.982537
6.989355
6.996452
7.003854
7.011584
7.019669
7.028133
7.037004
7.046309
7.056074
7.066328
7.077096
7.088404
7.100279
7.112744
7.125823
7.139538
7.153911
7.168988
7.185214
7.202196
7.219920
7.238394
7.257623
7.277611
7.298358
7.319858
7.342108
7.365094
7.388804
7.413219
7.438316
7.464071
7.490454
7.517430
7.544961
7.573000
7.601499
7.630400
7.659641
7.689154
7.718870
7.748731
7.778695
7.808767
7.839006
7.869529
7.900414
7.931445
7.961769
7.989928
8.014466
8.034275
8.049842
8.061842
8.070980
8.077858
8.082815
8.086334
8.088918
8.090811
8.092029
8.092631
8.092934
8.093118
8.093229
8.093298
8.093342
8.093374
8.093387
8.093397
8.093402
8.093411
8.093418
8.093426
8.093429
8.093439
8.093450
8.093464
8.093483
8.093507
8.093544
8.093585
8.093640
8.093711
8.093799
8.093907
8.094039
8.094196
8.094389
8.094620
8.094893
8.095216
8.095595
8.096039
8.096553
8.097152
8.097855
8.098669
8.099606
8.100691
8.101939
8.103372
8.105020
8.106925
8.109159
8.111830
8.115091
8.118876
8.122256
8.125075
8.127382
8.129176
8.130564
8.131583
8.132205
8.132285
8.131248
