6.133606
6.133574
6.133529
6.133480
6.133436
6.133401
6.133371
6.133344
6.133319
6.133295
6.133272
6.133250
6.133228
6.133207
6.133186
6.133165
6.133145
6.133126
6.133106
6.133088
6.133069
6.133051
6.133034
6.133016
6.132999
6.132983
6.132967
6.132951
6.132936
6.132921
6.132906
6.132892
6.132878
6.132864
6.132851
6.132838
6.132825
6.132813
6.132801
6.132789
6.132777
6.132766
6.132755
6.132745
6.132734
6.132724
6.132715
6.132705
6.132696
6.132687
6.132678
6.132670
6.132662
6.132654
6.132646
6.132639
6.132632
6.132625
6.132619
6.132613
6.132607
6.132601
6.132596
6.132591
6.132586
6.132582
6.132577
6.132574
6.132570
6.132568
6.132565
6.132563
6.132562
6.132561
6.132560
6.132561
6.132562
6.132565
6.132569
6.132574
6.132581
6.132590
6.132601
6.132614
6.132629
6.132646
6.132665
6.132687
6.132711
6.132737
6.132766
6.132797
6.132831
6.132868
6.132908
6.132950
6.132995
6.133043
6.133095
6.133149
6.133207
6.133268
6.133332
6.133400
6.133471
6.133546
6.133625
6.133707
6.133793
6.133883
6.133978
6.134076
6.134179
6.134286
6.134397
6.134513
6.134634
6.134759
6.134890
6.135025
6.135165
6.135311
6.135461
6.135618
6.135779
6.135947
6.136120
6.136299
6.136485
6.136676
6.136874
6.137078
6.137289
6.137506
6.137730
6.137962
6.138200
6.138446
6.138699
6.138960
6.139229
6.139505
6.139790
6.140083
6.140384
6.140694
6.141012
6.141339
6.141676
6.142021
6.142377
6.142741
6.143116
6.143500
6.143896
6.144300
6.144712
6.145133
6.145563
6.146003
6.146452
6.146910
6.147379
6.147858
6.148347
6.148846
6.149356
6.149877
6.150408
6.150951
6.151505
6.152072
6.152651
6.153246
6.153859
6.154495
6.155165
6.155897
6.156684
6.157503
6.158344
6.159204
6.160084
6.160982
6.161898
6.162832
6.163784
6.164754
6.165743
6.166751
6.167776
6.168821
6.169884
6.170965
6.172065
6.173184
6.174320
6.175475
6.176648
6.177839
6.179049
6.180276
6.181521
6.182783
6.184064
6.185361
6.186676
6.188008
6.189358
6.190724
6.192107
6.193507
6.194923
6.196356
6.197805
6.199270
6.200752
6.202249
6.203763
6.205292
6.206838
6.208399
6.209976
6.211569
6.213177
6.214802
6.216441
6.218097
6.219768
6.221455
6.223158
6.224877
6.226611
6.228361
6.230128
6.231910
6.233708
6.235523
6.237353
6.239200
6.241063
6.242943
6.244839
6.246751
6.248680
6.250626
6.252588
6.254567
6.256563
6.258576
6.260606
6.262653
6.264717
6.266797
6.268895
6.271011
6.273143
6.275292
6.277459
6.279643
6.281844
6.284062
6.286298
6.288550
6.290820
6.293108
6.295412
6.297734
6.300072
6.302428
6.304801
6.307192
6.309599
6.312023
6.314463
6.316912
6.319342
6.321638
6.323897
6.326162
6.328442
6.330737
6.333048
6.335373
6.337715
6.340071
6.342443
6.344831
6.347234
6.349652
6.352085
6.354534
6.356998
6.359477
6.361972
6.364483
6.367008
6.369549
6.372106
6.374678
6.377265
6.379868
6.382486
6.385120
6.387770
6.390435
6.393116
6.395812
6.398524
6.401251
6.403994
6.406753
6.409528
6.412319
6.415125
6.417948
6.420786
6.423640
6.426510
6.429397
6.432299
6.435217
6.438152
6.441103
6.444070
6.447054
6.450054
6.453070
6.456103
6.459152
6.462219
6.465301
6.468401
6.471517
6.474650
6.477800
6.480967
6.484150
6.487351
6.490569
6.493805
6.497057
6.500327
6.503614
6.506918
6.510240
6.513579
6.516936
6.520310
6.523702
6.527111
6.530539
6.533983
6.537446
6.540926
6.544424
6.547940
6.551474
6.555025
6.558594
6.562181
6.565786
6.569408
6.573048
6.576706
6.580381
6.584075
6.587785
6.591514
6.595260
6.599023
6.602804
6.606602
6.610417
6.614249
6.618095
6.621942
6.625703
6.629464
6.633239
6.637029
6.640835
6.644657
6.648494
6.652347
6.656215
6.660098
6.663997
6.667910
6.671837
6.675780
6.679736
6.683706
6.687691
6.691689
6.695700
6.699725
6.703762
6.707812
6.711875
6.715950
6.720037
6.724136
6.728247
6.732368
6.736501
6.740644
6.744797
6.748961
6.753135
6.757319
6.761512
6.765714
6.769925
6.774145
6.778374
6.782611
6.786856
6.791110
6.795372
6.799643
6.803921
6.808209
6.812504
6.816809
6.821123
6.825447
6.829781
6.834126
6.838483
6.842854
6.847239
6.851640
6.856058
6.860496
6.864956
6.869441
6.873954
6.878498
6.883078
6.887697
6.892361
6.897075
6.901845
6.906680
6.911585
6.916570
6.921645
6.926818
6.932103
6.937509
6.943052
6.948744
6.954602
6.960641
6.966879
6.973334
6.980025
6.986972
6.994197
7.001722
7.009568
7.017758
7.026318
7.035269
7.044636
7.054444
7.064715
7.075473
7.086742
7.098543
7.110897
7.123826
7.137347
7.151479
7.166240
7.181673
7.198223
7.215489
7.233452
7.252114
7.271481
7.291551
7.312325
7.333795
7.355955
7.378792
7.402290
7.426429
7.451186
7.476529
7.502422
7.528824
7.555683
7.582941
7.610530
7.638376
7.666394
7.694494
7.722580
7.750555
7.778324
7.805798
7.832906
7.859598
7.885851
7.911639
7.936794
7.960629
7.981336
7.998084
8.010760
8.019914
8.026494
8.031221
8.034561
8.036522
8.037384
8.037708
8.037837
8.037888
8.037901
8.037891
8.037866
8.037831
8.037789
8.037737
8.037690
8.037620
8.037569
8.037490
8.037432
8.037372
8.037294
8.037217
8.037153
8.037090
8.037018
8.036949
8.036888
8.036830
8.036774
8.036725
8.036682
8.036648
8.036622
8.036607
8.036605
8.036619
8.036650
8.036702
8.036779
8.036885
8.037025
8.037203
8.037423
8.037691
8.038008
8.038378
8.038800
8.039273
8.039791
8.040348
8.040935
8.041540
8.042152
8.042757
8.043337
8.043878
8.044360
8.044762
8.045050
8.045169
8.045017
8.044363
8.042513
