6.166423
6.166393
6.166350
6.166302
6.166260
6.166226
6.166197
6.166171
6.166147
6.166124
6.166101
6.166080
6.166059
6.166038
6.166018
6.165998
6.165979
6.165960
6.165942
6.165924
6.165906
6.165889
6.165872
6.165856
6.165839
6.165824
6.165808
6.165793
6.165779
6.165764
6.165751
6.165737
6.165724
6.165711
6.165698
6.165686
6.165674
6.165662
6.165651
6.165640
6.165629
6.165619
6.165609
6.165599
6.165590
6.165580
6.165571
6.165563
6.165554
6.165546
6.165539
6.165531
6.165524
6.165517
6.165511
6.165504
6.165499
6.165493
6.165488
6.165483
6.165478
6.165474
6.165470
6.165466
6.165463
6.165460
6.165458
6.165456
6.165455
6.165454
6.165454
6.165454
6.165455
6.165457
6.165460
6.165463
6.165468
6.165474
6.165482
6.165491
6.165503
6.165516
6.165532
6.165551
6.165572
6.165596
6.165623
6.165653
6.165686
6.165723
6.165764
6.165808
6.165856
6.165908
6.165964
6.166025
6.166090
6.166160
6.166235
6.166315
6.166400
6.166490
6.166585
6.166686
6.166793
6.166905
6.167023
6.167148
6.167278
6.167415
6.167559
6.167709
6.167866
6.168030
6.168202
6.168380
6.168567
6.168761
6.168961
6.169167
6.169380
6.169600
6.169827
6.170062
6.170304
6.170554
6.170812
6.171078
6.171352
6.171635
6.171926
6.172225
6.172533
6.172851
6.173177
6.173512
6.173857
6.174211
6.174574
6.174947
6.175330
6.175723
6.176126
6.176539
6.176962
6.177396
6.177840
6.178295
6.178760
6.179237
6.179724
6.180222
6.180731
6.181252
6.181784
6.182327
6.182882
6.183448
6.184026
6.184616
6.185217
6.185830
6.186455
6.187091
6.187739
6.188400
6.189072
6.189756
6.190453
6.191161
6.191881
6.192614
6.193359
6.194119
6.194898
6.195706
6.196570
6.197580
6.198651
6.199746
6.200861
6.201993
6.203142
6.204308
6.205490
6.206689
6.207904
6.209135
6.210381
6.211643
6.212920
6.214211
6.215517
6.216838
6.218172
6.219521
6.220883
6.222258
6.223647
6.225049
6.226464
6.227892
6.229333
6.230787
6.232254
6.233733
6.235225
6.236730
6.238248
6.239778
6.241321
6.242877
6.244446
6.246029
6.247624
6.249233
6.250855
6.252490
6.254140
6.255803
6.257480
6.259171
6.260876
6.262596
6.264331
6.266080
6.267844
6.269623
6.271417
6.273226
6.275051
6.276892
6.278748
6.280621
6.282509
6.284414
6.286335
6.288272
6.290226
6.292197
6.294184
6.296188
6.298210
6.300248
6.302304
6.304377
6.306468
6.308576
6.310702
6.312845
6.315006
6.317185
6.319382
6.321597
6.323830
6.326082
6.328351
6.330639
6.332945
6.335269
6.337612
6.339973
6.342353
6.344751
6.347168
6.349603
6.352057
6.354530
6.357021
6.359531
6.362059
6.364606
6.367172
6.369756
6.372359
6.374977
6.377592
6.380032
6.382464
6.384912
6.387376
6.389858
6.392357
6.394874
6.397408
6.399959
6.402527
6.405113
6.407717
6.410338
6.412976
6.415632
6.418306
6.420997
6.423706
6.426432
6.429176
6.431938
6.434717
6.437514
6.440329
6.443161
6.446010
6.448877
6.451762
6.454664
6.457583
6.460520
6.463475
6.466446
6.469435
6.472442
6.475465
6.478505
6.481562
6.484637
6.487728
6.490836
6.493960
6.497101
6.500259
6.503433
6.506623
6.509829
6.513052
6.516290
6.519544
6.522814
6.526098
6.529399
6.532714
6.536044
6.539388
6.542747
6.546120
6.549507
6.552908
6.556322
6.559750
6.563191
6.566645
6.570111
6.573589
6.577079
6.580581
6.584095
6.587621
6.591157
6.594705
6.598265
6.601836
6.605420
6.609016
6.612627
6.616253
6.619895
6.623558
6.627242
6.630952
6.634693
6.638469
6.642287
6.646152
6.650073
6.654057
6.658111
6.662243
6.666459
6.670765
6.675164
6.679656
6.684240
6.688911
6.693660
6.698478
6.703349
6.708252
6.713100
6.717954
6.722809
6.727650
6.732465
6.737242
6.741968
6.746633
6.751226
6.755739
6.760163
6.764491
6.768718
6.772837
6.776847
6.780743
6.784524
6.788189
6.791738
6.795171
6.798490
6.801696
6.804791
6.807776
6.810656
6.813432
6.816107
6.818685
6.821168
6.823560
6.825864
6.828084
6.830222
6.832282
6.834266
6.836180
6.838024
6.839803
6.841519
6.843175
6.844774
6.846317
6.847808
6.849247
6.850637
6.851979
6.853275
6.854525
6.855729
6.856890
6.858007
6.859081
6.860112
6.861100
6.862045
6.862949
6.863810
6.864629
6.865408
6.866146
6.866844
6.867503
6.868125
6.868709
6.869259
6.869774
6.870256
6.870706
6.871126
6.871517
6.871881
6.872217
6.872529
6.872817
6.873081
6.873324
6.873546
6.873748
6.873932
6.874099
6.874250
6.874383
6.874497
6.874594
6.874678
6.874750
6.874812
6.874865
6.874911
6.874951
6.874986
6.875016
6.875042
6.875066
6.875087
6.875106
6.875124
6.875142
6.875159
6.875177
6.875196
6.875218
6.875245
6.875279
6.875323
6.875386
6.875478
6.875611
6.875790
6.876030
6.876353
6.876792
6.877387
6.878184
6.879232
6.880589
6.882320
6.884506
6.887238
6.890625
6.894793
6.899885
6.906064
6.913513
6.922436
6.933061
6.945635
6.960430
6.977731
6.997843
7.021079
7.047756
7.078190
7.112690
7.151549
7.195044
7.243428
7.296934
7.355762
7.420123
7.492790
7.571244
7.655087
7.743651
7.835887
7.930387
8.025481
8.119403
8.210474
8.297239
8.378496
8.453203
8.520408
8.579686
8.629895
8.671907
8.703573
8.721688
8.725264
8.725331
8.725235
8.725125
8.724876
8.724725
8.724452
8.724179
8.723931
8.723641
8.723328
8.722994
8.722637
8.722259
8.721859
8.721438
8.720995
8.720531
8.720045
8.719538
8.719008
8.718455
8.717878
8.717275
8.716646
8.715988
8.715298
8.714574
8.713810
8.713001
8.712139
8.711215
8.710216
8.709124
8.707912
8.706536
8.704908
8.702809
8.700353
8.694979
8.684820
