6.133316
6.133285
6.133240
6.133191
6.133147
6.133112
6.133082
6.133055
6.133030
6.133006
6.132983
6.132960
6.132938
6.132917
6.132896
6.132875
6.132855
6.132835
6.132816
6.132797
6.132778
6.132760
6.132743
6.132725
6.132708
6.132692
6.132675
6.132660
6.132644
6.132629
6.132614
6.132600
6.132585
6.132572
6.132558
6.132545
6.132532
6.132519
6.132507
6.132495
6.132484
6.132472
6.132461
6.132450
6.132440
6.132430
6.132420
6.132410
6.132401
6.132391
6.132383
6.132374
6.132366
6.132358
6.132350
6.132342
6.132335
6.132328
6.132321
6.132315
6.132308
6.132302
6.132297
6.132291
6.132286
6.132282
6.132277
6.132273
6.132269
6.132266
6.132263
6.132260
6.132258
6.132256
6.132255
6.132255
6.132255
6.132256
6.132258
6.132262
6.132267
6.132274
6.132283
6.132294
6.132306
6.132321
6.132338
6.132357
6.132378
6.132402
6.132428
6.132456
6.132487
6.132521
6.132557
6.132597
6.132639
6.132684
6.132732
6.132783
6.132837
6.132895
6.132955
6.133020
6.133087
6.133159
6.133233
6.133312
6.133395
6.133481
6.133571
6.133666
6.133765
6.133868
6.133975
6.134087
6.134204
6.134325
6.134451
6.134582
6.134718
6.134860
6.135006
6.135158
6.135316
6.135479
6.135648
6.135823
6.136004
6.136191
6.136385
6.136584
6.136791
6.137004
6.137224
6.137452
6.137686
6.137928
6.138177
6.138434
6.138699
6.138972
6.139253
6.139542
6.139840
6.140146
6.140461
6.140785
6.141118
6.141461
6.141813
6.142174
6.142545
6.142926
6.143318
6.143721
6.144132
6.144551
6.144980
6.145418
6.145865
6.146323
6.146790
6.147268
6.147756
6.148254
6.148764
6.149284
6.149815
6.150357
6.150911
6.151478
6.152058
6.152654
6.153267
6.153905
6.154577
6.155309
6.156096
6.156915
6.157757
6.158620
6.159503
6.160404
6.161324
6.162262
6.163218
6.164192
6.165185
6.166196
6.167225
6.168274
6.169341
6.170426
6.171530
6.172653
6.173794
6.174953
6.176130
6.177326
6.178539
6.179770
6.181019
6.182285
6.183569
6.184870
6.186188
6.187523
6.188875
6.190244
6.191629
6.193031
6.194448
6.195882
6.197332
6.198798
6.200280
6.201778
6.203291
6.204820
6.206365
6.207925
6.209501
6.211092
6.212699
6.214321
6.215959
6.217612
6.219281
6.220966
6.222666
6.224382
6.226113
6.227861
6.229624
6.231404
6.233199
6.235010
6.236838
6.238682
6.240543
6.242419
6.244313
6.246222
6.248149
6.250092
6.252052
6.254029
6.256023
6.258034
6.260062
6.262107
6.264170
6.266249
6.268346
6.270460
6.272591
6.274739
6.276905
6.279088
6.281289
6.283506
6.285742
6.287994
6.290264
6.292551
6.294855
6.297177
6.299516
6.301872
6.304245
6.306635
6.309042
6.311467
6.313906
6.316356
6.318787
6.321083
6.323342
6.325608
6.327887
6.330182
6.332493
6.334819
6.337160
6.339517
6.341889
6.344277
6.346680
6.349098
6.351532
6.353981
6.356445
6.358925
6.361420
6.363930
6.366456
6.368997
6.371554
6.374126
6.376714
6.379317
6.381935
6.384569
6.387218
6.389883
6.392564
6.395260
6.397972
6.400700
6.403443
6.406202
6.408976
6.411767
6.414573
6.417395
6.420233
6.423087
6.425957
6.428843
6.431745
6.434664
6.437598
6.440549
6.443516
6.446499
6.449498
6.452514
6.455547
6.458596
6.461662
6.464744
6.467843
6.470959
6.474092
6.477241
6.480408
6.483592
6.486792
6.490010
6.493245
6.496498
6.499767
6.503054
6.506359
6.509681
6.513020
6.516378
6.519752
6.523145
6.526555
6.529983
6.533429
6.536892
6.540374
6.543873
6.547390
6.550925
6.554478
6.558049
6.561638
6.565245
6.568869
6.572512
6.576172
6.579851
6.583547
6.587261
6.590993
6.594742
6.598509
6.602293
6.606096
6.609915
6.613752
6.617603
6.621455
6.625220
6.628987
6.632767
6.636563
6.640375
6.644202
6.648046
6.651905
6.655780
6.659670
6.663576
6.667496
6.671431
6.675381
6.679346
6.683324
6.687317
6.691324
6.695344
6.699378
6.703425
6.707485
6.711557
6.715642
6.719740
6.723849
6.727970
6.732102
6.736245
6.740399
6.744563
6.748738
6.752923
6.757118
6.761321
6.765534
6.769756
6.773987
6.778226
6.782472
6.786727
6.790990
6.795260
6.799538
6.803823
6.808116
6.812416
6.816723
6.821038
6.825361
6.829693
6.834032
6.838382
6.842741
6.847111
6.851493
6.855888
6.860298
6.864725
6.869170
6.873635
6.878125
6.882642
6.887189
6.891771
6.896392
6.901058
6.905774
6.910548
6.915386
6.920298
6.925292
6.930379
6.935569
6.940876
6.946312
6.951892
6.957632
6.963549
6.969661
6.975988
6.982550
6.989370
6.996469
7.003872
7.011603
7.019689
7.028155
7.037027
7.046334
7.056102
7.066357
7.077126
7.088437
7.100313
7.112781
7.125861
7.139578
7.153952
7.169032
7.185257
7.202240
7.219966
7.238441
7.257671
7.277660
7.298407
7.319909
7.342158
7.365146
7.388855
7.413271
7.438372
7.464132
7.490523
7.517511
7.545057
7.573119
7.601647
7.630584
7.659865
7.689421
7.719180
7.749078
7.779072
7.809147
7.839317
7.869575
7.899803
7.929645
7.958481
7.985553
8.010135
8.031270
8.049082
8.063811
8.075796
8.085422
8.093028
8.098447
8.100869
8.101234
8.101307
8.101314
8.101298
8.101275
8.101242
8.101195
8.101151
8.101115
8.101043
8.100952
8.100889
8.100831
8.100742
8.100672
8.100620
8.100549
8.100466
8.100386
8.100333
8.100265
8.100208
8.100155
8.100110
8.100075
8.100050
8.100036
8.100035
8.100051
8.100084
8.100137
8.100214
8.100318
8.100452
8.100621
8.100830
8.101083
8.101385
8.101740
8.102153
8.102625
8.103157
8.103751
8.104399
8.105096
8.105832
8.106605
8.107401
8.108208
8.109005
8.109789
8.110548
8.111286
8.111973
8.112569
8.112979
8.113034
8.112291
