6.133606
6.133574
6.133529
6.133480
6.133436
6.133401
6.133371
6.133344
6.133319
6.133295
6.133272
6.133250
6.133228
6.133207
6.133186
6.133165
6.133145
6.133126
6.133106
6.133088
6.133069
6.133051
6.133034
6.133016
6.132999
6.132983
6.132967
6.132951
6.132936
6.132921
6.132906
6.132892
6.132878
6.132864
6.132851
6.132838
6.132825
6.132813
6.132801
6.132789
6.132777
6.132766
6.132755
6.132745
6.132734
6.132724
6.132715
6.132705
6.132696
6.132687
6.132678
6.132670
6.132662
6.132654
6.132646
6.132639
6.132632
6.132625
6.132619
6.132613
6.132607
6.132601
6.132596
6.132591
6.132586
6.132581
6.132577
6.132574
6.132570
6.132567
6.132565
6.132563
6.132562
6.132561
6.132560
6.132561
6.132562
6.132565
6.132569
6.132574
6.132581
6.132590
6.132601
6.132614
6.132629
6.132646
6.132666
6.132687
6.132711
6.132737
6.132766
6.132798
6.132832
6.132868
6.132908
6.132950
6.132996
6.133044
6.133095
6.133150
6.133207
6.133268
6.133333
6.133400
6.133472
6.133547
6.133625
6.133708
6.133794
6.133884
6.133978
6.134077
6.134180
6.134287
6.134398
6.134514
6.134635
6.134760
6.134890
6.135026
6.135166
6.135312
6.135462
6.135619
6.135780
6.135948
6.136121
6.136300
6.136486
6.136677
6.136875
6.137079
6.137290
6.137507
6.137732
6.137963
6.138202
6.138447
6.138701
6.138962
6.139230
6.139507
6.139791
6.140084
6.140385
6.140695
6.141013
6.141341
6.141677
6.142022
6.142377
6.142741
6.143114
6.143498
6.143891
6.144296
6.144710
6.145132
6.145563
6.146003
6.146452
6.146911
6.147380
6.147859
6.148348
6.148848
6.149358
6.149879
6.150410
6.150953
6.151508
6.152075
6.152655
6.153250
6.153864
6.154501
6.155172
6.155903
6.156688
6.157505
6.158345
6.159206
6.160086
6.160985
6.161901
6.162836
6.163788
6.164759
6.165747
6.166755
6.167780
6.168824
6.169887
6.170968
6.172068
6.173186
6.174323
6.175477
6.176650
6.177842
6.179051
6.180278
6.181523
6.182785
6.184066
6.185363
6.186678
6.188010
6.189360
6.190726
6.192109
6.193509
6.194925
6.196358
6.197807
6.199272
6.200754
6.202251
6.203765
6.205294
6.206840
6.208401
6.209978
6.211571
6.213179
6.214804
6.216443
6.218099
6.219770
6.221457
6.223160
6.224879
6.226613
6.228364
6.230130
6.231912
6.233710
6.235525
6.237355
6.239202
6.241065
6.242945
6.244841
6.246753
6.248682
6.250628
6.252590
6.254570
6.256566
6.258579
6.260608
6.262655
6.264719
6.266800
6.268898
6.271013
6.273145
6.275295
6.277461
6.279645
6.281846
6.284065
6.286300
6.288553
6.290823
6.293110
6.295414
6.297736
6.300075
6.302431
6.304804
6.307194
6.309601
6.312025
6.314464
6.316914
6.319344
6.321640
6.323899
6.326166
6.328446
6.330741
6.333051
6.335377
6.337718
6.340074
6.342446
6.344833
6.347236
6.349654
6.352088
6.354536
6.357000
6.359480
6.361975
6.364485
6.367011
6.369552
6.372108
6.374680
6.377268
6.379871
6.382489
6.385123
6.387772
6.390438
6.393118
6.395814
6.398526
6.401254
6.403997
6.406756
6.409531
6.412322
6.415128
6.417950
6.420789
6.423643
6.426513
6.429399
6.432302
6.435220
6.438155
6.441106
6.444073
6.447057
6.450057
6.453073
6.456106
6.459155
6.462221
6.465304
6.468403
6.471520
6.474653
6.477803
6.480969
6.484153
6.487354
6.490572
6.493807
6.497060
6.500330
6.503617
6.506921
6.510243
6.513582
6.516939
6.520313
6.523705
6.527114
6.530542
6.533986
6.537449
6.540929
6.544427
6.547943
6.551477
6.555028
6.558597
6.562184
6.565788
6.569411
6.573051
6.576709
6.580384
6.584077
6.587788
6.591517
6.595262
6.599026
6.602806
6.606604
6.610420
6.614252
6.618098
6.621945
6.625706
6.629467
6.633241
6.637032
6.640838
6.644660
6.648497
6.652350
6.656218
6.660101
6.663999
6.667912
6.671840
6.675782
6.679738
6.683709
6.687693
6.691691
6.695702
6.699727
6.703764
6.707814
6.711877
6.715952
6.720039
6.724138
6.728248
6.732370
6.736502
6.740645
6.744799
6.748963
6.753136
6.757320
6.761513
6.765715
6.769926
6.774146
6.778375
6.782612
6.786857
6.791111
6.795373
6.799643
6.803922
6.808209
6.812505
6.816810
6.821124
6.825447
6.829782
6.834127
6.838484
6.842855
6.847240
6.851641
6.856060
6.860498
6.864959
6.869444
6.873957
6.878502
6.883081
6.887701
6.892365
6.897080
6.901852
6.906687
6.911593
6.916580
6.921655
6.926830
6.932115
6.937524
6.943068
6.948762
6.954622
6.960663
6.966903
6.973360
6.980054
6.987004
6.994231
7.001758
7.009607
7.017801
7.026363
7.035317
7.044688
7.054499
7.064773
7.075534
7.086806
7.098610
7.110968
7.123899
7.137423
7.151557
7.166319
7.181755
7.198305
7.215571
7.233532
7.252193
7.271555
7.291619
7.312382
7.333839
7.355980
7.378791
7.402255
7.426350
7.451050
7.476320
7.502122
7.528409
7.555126
7.582210
7.609587
7.637175
7.664883
7.692614
7.720266
7.747744
7.774964
7.801878
7.828487
7.854879
7.881247
7.907866
7.934790
7.960948
7.983407
8.000709
8.013130
8.021749
8.027812
8.032153
8.035224
8.036968
8.037821
8.038216
8.038411
8.038513
8.038567
8.038591
8.038596
8.038588
8.038571
8.038546
8.038516
8.038481
8.038444
8.038404
8.038362
8.038320
8.038278
8.038237
8.038197
8.038159
8.038125
8.038094
8.038068
8.038048
8.038035
8.038031
8.038036
8.038052
8.038081
8.038125
8.038188
8.038271
8.038379
8.038516
8.038687
8.038898
8.039156
8.039469
8.039846
8.040297
8.040833
8.041466
8.042210
8.043080
8.044093
8.045270
8.046640
8.048235
8.050142
8.052475
8.055033
8.057349
8.059227
8.060803
8.062170
8.063372
8.064426
8.065319
8.065984
