6.135292
6.135259
6.135214
6.135165
6.135121
6.135088
6.135059
6.135034
6.135011
6.134989
6.134969
6.134949
6.134930
6.134912
6.134894
6.134877
6.134861
6.134846
6.134831
6.134816
6.134803
6.134789
6.134777
6.134765
6.134754
6.134743
6.134733
6.134724
6.134715
6.134707
6.134699
6.134692
6.134686
6.134681
6.134676
6.134672
6.134669
6.134667
6.134666
6.134665
6.134666
6.134668
6.134671
6.134675
6.134681
6.134687
6.134695
6.134704
6.134714
6.134726
6.134738
6.134752
6.134768
6.134784
6.134802
6.134821
6.134841
6.134863
6.134886
6.134911
6.134937
6.134964
6.134993
6.135023
6.135055
6.135088
6.135123
6.135159
6.135197
6.135237
6.135278
6.135320
6.135365
6.135410
6.135458
6.135508
6.135561
6.135622
6.135690
6.135761
6.135836
6.135913
6.135994
6.136077
6.136163
6.136253
6.136345
6.136441
6.136541
6.136643
6.136749
6.136858
6.136971
6.137088
6.137208
6.137332
6.137460
6.137591
6.137726
6.137866
6.138009
6.138156
6.138308
6.138463
6.138623
6.138787
6.138956
6.139129
6.139307
6.139489
6.139676
6.139867
6.140064
6.140265
6.140471
6.140683
6.140899
6.141120
6.141347
6.141579
6.141817
6.142060
6.142308
6.142562
6.142822
6.143088
6.143359
6.143637
6.143920
6.144210
6.144506
6.144808
6.145117
6.145432
6.145753
6.146081
6.146416
6.146758
6.147107
6.147462
6.147825
6.148195
6.148572
6.148957
6.149349
6.149748
6.150155
6.150570
6.150993
6.151423
6.151862
6.152309
6.152763
6.153227
6.153698
6.154178
6.154667
6.155164
6.155671
6.156186
6.156710
6.157243
6.157785
6.158336
6.158897
6.159468
6.160048
6.160638
6.161237
6.161846
6.162466
6.163096
6.163736
6.164387
6.165049
6.165730
6.166481
6.167301
6.168151
6.169025
6.169921
6.170835
6.171765
6.172712
6.173673
6.174649
6.175640
6.176646
6.177667
6.178702
6.179752
6.180817
6.181898
6.182993
6.184104
6.185230
6.186372
6.187529
6.188702
6.189891
6.191095
6.192316
6.193553
6.194806
6.196075
6.197360
6.198662
6.199980
6.201315
6.202666
6.204034
6.205418
6.206820
6.208238
6.209673
6.211125
6.212594
6.214079
6.215582
6.217102
6.218639
6.220193
6.221764
6.223353
6.224958
6.226581
6.228221
6.229878
6.231553
6.233244
6.234953
6.236679
6.238423
6.240184
6.241962
6.243757
6.245569
6.247399
6.249246
6.251110
6.252992
6.254891
6.256807
6.258741
6.260692
6.262661
6.264648
6.266652
6.268674
6.270713
6.272770
6.274845
6.276937
6.279046
6.281173
6.283317
6.285478
6.287657
6.289853
6.292066
6.294297
6.296544
6.298809
6.301091
6.303391
6.305707
6.308041
6.310391
6.312759
6.315144
6.317546
6.319964
6.322399
6.324851
6.327315
6.329782
6.332221
6.334579
6.336906
6.339224
6.341543
6.343870
6.346210
6.348563
6.350931
6.353313
6.355712
6.358125
6.360554
6.362998
6.365457
6.367931
6.370421
6.372926
6.375446
6.377981
6.380532
6.383097
6.385678
6.388275
6.390886
6.393513
6.396155
6.398812
6.401485
6.404173
6.406876
6.409595
6.412329
6.415078
6.417842
6.420622
6.423417
6.426228
6.429054
6.431895
6.434751
6.437623
6.440510
6.443413
6.446331
6.449264
6.452213
6.455177
6.458156
6.461151
6.464161
6.467186
6.470227
6.473283
6.476354
6.479441
6.482543
6.485661
6.488793
6.491942
6.495105
6.498284
6.501478
6.504688
6.507913
6.511153
6.514409
6.517680
6.520967
6.524269
6.527586
6.530919
6.534268
6.537632
6.541012
6.544408
6.547819
6.551247
6.554690
6.558149
6.561625
6.565116
6.568624
6.572149
6.575690
6.579248
6.582824
6.586416
6.590026
6.593654
6.597300
6.600964
6.604647
6.608349
6.612070
6.615811
6.619573
6.623355
6.627157
6.630976
6.634796
6.638554
6.642312
6.646088
6.649887
6.653711
6.657561
6.661438
6.665344
6.669279
6.673244
6.677241
6.681270
6.685334
6.689433
6.693568
6.697743
6.701957
6.706213
6.710512
6.714857
6.719248
6.723688
6.728179
6.732723
6.737321
6.741977
6.746691
6.751466
6.756304
6.761208
6.766178
6.771218
6.776329
6.781513
6.786771
6.792106
6.797519
6.803011
6.808583
6.814236
6.819971
6.825789
6.831688
6.837670
6.843732
6.849875
6.856097
6.862396
6.868770
6.875215
6.881729
6.888308
6.894948
6.901644
6.908390
6.915183
6.922015
6.928879
6.935771
6.942682
6.949604
6.956532
6.963456
6.970369
6.977262
6.984127
6.990954
6.997735
7.004462
7.011124
7.017715
7.024230
7.030670
7.037046
7.043381
7.049718
7.056116
7.062623
7.069226
7.075782
7.082013
7.087575
7.092450
7.096707
7.100439
7.103745
7.106287
7.108272
7.109804
7.110965
7.111821
7.112426
7.112829
7.113076
7.113212
7.113275
7.113291
7.113275
7.113236
7.113182
7.113114
7.113041
7.112928
7.112867
7.112756
7.112606
7.112525
7.112360
7.112280
7.112071
7.111983
7.111768
7.111662
7.111461
7.111341
7.111137
7.111008
7.110807
7.110662
7.110500
7.110333
7.110164
7.109994
7.109822
7.109647
7.109471
7.109294
7.109115
7.108935
7.108754
7.108573
7.108392
7.108210
7.108029
7.107848
7.107668
7.107489
7.107311
7.107134
7.106959
7.106786
7.106615
7.106447
7.106281
7.106117
7.105957
7.105799
7.105645
7.105494
7.105345
7.105198
7.105053
7.104916
7.104793
7.104675
7.104512
7.104381
7.104292
7.104172
7.104009
7.103917
7.103849
7.103749
7.103635
7.103551
7.103497
7.103431
7.103372
7.103327
7.103292
7.103270
7.103263
7.103275
7.103310
7.103374
7.103475
7.103624
7.103829
7.104101
7.104450
7.104883
7.105411
7.106047
7.106808
7.107710
7.108739
7.109825
7.110889
7.111902
7.112869
7.113790
7.114678
7.115535
7.116355
7.117124
7.117804
7.118313
7.118442
7.117531
