6.133606
6.133574
6.133529
6.133480
6.133436
6.133401
6.133371
6.133344
6.133319
6.133295
6.133272
6.133250
6.133228
6.133207
6.133186
6.133165
6.133145
6.133126
6.133106
6.133088
6.133069
6.133051
6.133034
6.133016
6.132999
6.132983
6.132967
6.132951
6.132936
6.132921
6.132906
6.132892
6.132878
6.132864
6.132851
6.132838
6.132825
6.132813
6.132801
6.132789
6.132777
6.132766
6.132755
6.132745
6.132734
6.132724
6.132715
6.132705
6.132696
6.132687
6.132678
6.132670
6.132662
6.132654
6.132646
6.132639
6.132632
6.132625
6.132619
6.132613
6.132607
6.132601
6.132596
6.132591
6.132586
6.132581
6.132577
6.132574
6.132570
6.132567
6.132565
6.132563
6.132561
6.132560
6.132560
6.132560
6.132562
6.132564
6.132568
6.132573
6.132580
6.132589
6.132600
6.132613
6.132627
6.132644
6.132663
6.132685
6.132709
6.132735
6.132764
6.132795
6.132829
6.132865
6.132905
6.132947
6.132992
6.133040
6.133091
6.133146
6.133203
6.133264
6.133328
6.133396
6.133467
6.133542
6.133620
6.133703
6.133789
6.133879
6.133973
6.134071
6.134174
6.134281
6.134392
6.134508
6.134629
6.134754
6.134884
6.135019
6.135159
6.135305
6.135455
6.135611
6.135773
6.135940
6.136113
6.136292
6.136478
6.136669
6.136866
6.137071
6.137281
6.137499
6.137723
6.137954
6.138193
6.138438
6.138692
6.138952
6.139221
6.139498
6.139782
6.140075
6.140376
6.140686
6.141005
6.141332
6.141669
6.142015
6.142370
6.142735
6.143110
6.143495
6.143890
6.144293
6.144704
6.145125
6.145554
6.145993
6.146441
6.146900
6.147368
6.147846
6.148335
6.148834
6.149343
6.149863
6.150394
6.150937
6.151490
6.152056
6.152636
6.153230
6.153842
6.154478
6.155148
6.155880
6.156667
6.157486
6.158328
6.159189
6.160069
6.160967
6.161883
6.162818
6.163770
6.164741
6.165730
6.166738
6.167764
6.168809
6.169872
6.170954
6.172054
6.173172
6.174309
6.175464
6.176637
6.177829
6.179038
6.180265
6.181510
6.182773
6.184054
6.185351
6.186666
6.187999
6.189348
6.190714
6.192097
6.193497
6.194913
6.196346
6.197795
6.199261
6.200742
6.202240
6.203754
6.205283
6.206828
6.208390
6.209967
6.211559
6.213168
6.214792
6.216432
6.218087
6.219758
6.221445
6.223148
6.224867
6.226601
6.228351
6.230117
6.231899
6.233698
6.235512
6.237342
6.239189
6.241052
6.242932
6.244827
6.246740
6.248669
6.250614
6.252577
6.254556
6.256552
6.258564
6.260594
6.262641
6.264705
6.266785
6.268883
6.270998
6.273131
6.275280
6.277447
6.279630
6.281831
6.284050
6.286285
6.288538
6.290808
6.293095
6.295399
6.297721
6.300060
6.302415
6.304788
6.307179
6.309586
6.312010
6.314450
6.316900
6.319331
6.321626
6.323883
6.326149
6.328429
6.330724
6.333035
6.335361
6.337702
6.340058
6.342430
6.344818
6.347220
6.349639
6.352072
6.354521
6.356985
6.359464
6.361959
6.364469
6.366995
6.369536
6.372093
6.374665
6.377252
6.379855
6.382473
6.385107
6.387756
6.390421
6.393102
6.395798
6.398510
6.401238
6.403981
6.406740
6.409515
6.412305
6.415112
6.417934
6.420772
6.423626
6.426497
6.429383
6.432285
6.435204
6.438138
6.441089
6.444056
6.447040
6.450040
6.453056
6.456089
6.459138
6.462204
6.465287
6.468386
6.471502
6.474635
6.477785
6.480952
6.484136
6.487337
6.490555
6.493790
6.497042
6.500312
6.503599
6.506903
6.510225
6.513564
6.516921
6.520295
6.523687
6.527097
6.530524
6.533969
6.537431
6.540911
6.544409
6.547925
6.551459
6.555010
6.558579
6.562166
6.565771
6.569393
6.573033
6.576691
6.580367
6.584060
6.587771
6.591499
6.595245
6.599009
6.602789
6.606587
6.610403
6.614235
6.618082
6.621929
6.625689
6.629451
6.633225
6.637016
6.640822
6.644644
6.648482
6.652335
6.656203
6.660086
6.663985
6.667898
6.671826
6.675768
6.679725
6.683696
6.687680
6.691678
6.695690
6.699715
6.703753
6.707803
6.711866
6.715942
6.720029
6.724128
6.728239
6.732361
6.736493
6.740637
6.744791
6.748955
6.753129
6.757313
6.761506
6.765709
6.769920
6.774140
6.778369
6.782607
6.786853
6.791107
6.795369
6.799640
6.803918
6.808206
6.812501
6.816806
6.821120
6.825444
6.829778
6.834123
6.838479
6.842849
6.847234
6.851634
6.856051
6.860488
6.864947
6.869431
6.873942
6.878484
6.883061
6.887677
6.892338
6.897049
6.901816
6.906646
6.911547
6.916527
6.921596
6.926763
6.932041
6.937440
6.942975
6.948659
6.954508
6.960537
6.966764
6.973208
6.979887
6.986822
6.994034
7.001545
7.009377
7.017553
7.026098
7.035034
7.044386
7.054178
7.064434
7.075177
7.086431
7.098217
7.110558
7.123473
7.136981
7.151101
7.165850
7.181272
7.197813
7.215070
7.233024
7.251678
7.271036
7.291099
7.311862
7.333320
7.355463
7.378278
7.401746
7.425845
7.450545
7.475812
7.501606
7.527877
7.554568
7.581613
7.608938
7.636458
7.664081
7.691705
7.719222
7.746517
7.773473
7.799972
7.825898
7.851139
7.875590
7.899159
7.921763
7.943341
7.963860
7.983341
8.001871
8.019358
8.036138
8.051966
8.065735
8.076237
8.083020
8.085280
8.085703
8.085787
8.085815
8.085822
8.085817
8.085805
8.085787
8.085764
8.085739
8.085710
8.085680
8.085648
8.085615
8.085581
8.085548
8.085513
8.085481
8.085448
8.085418
8.085390
8.085364
8.085342
8.085324
8.085311
8.085304
8.085305
8.085314
8.085333
8.085364
8.085409
8.085468
8.085545
8.085640
8.085755
8.085890
8.086043
8.086215
8.086402
8.086600
8.086803
8.087004
8.087194
8.087365
8.087506
8.087607
8.087659
8.087654
8.087581
8.087426
8.087173
8.086792
8.086241
8.085442
8.084254
8.082396
8.079206
8.072665
