6.168577
6.168545
6.168502
6.168454
6.168410
6.168376
6.168348
6.168321
6.168297
6.168274
6.168252
6.168230
6.168209
6.168189
6.168169
6.168150
6.168131
6.168112
6.168094
6.168076
6.168059
6.168042
6.168026
6.168010
6.167994
6.167979
6.167964
6.167950
6.167936
6.167922
6.167909
6.167896
6.167883
6.167871
6.167859
6.167848
6.167836
6.167826
6.167815
6.167805
6.167795
6.167785
6.167776
6.167767
6.167759
6.167750
6.167742
6.167735
6.167727
6.167720
6.167714
6.167707
6.167701
6.167696
6.167691
6.167686
6.167681
6.167677
6.167673
6.167670
6.167667
6.167664
6.167662
6.167661
6.167660
6.167660
6.167660
6.167661
6.167663
6.167666
6.167670
6.167675
6.167681
6.167688
6.167697
6.167707
6.167718
6.167732
6.167748
6.167768
6.167790
6.167816
6.167844
6.167876
6.167911
6.167951
6.167993
6.168040
6.168091
6.168146
6.168206
6.168270
6.168338
6.168412
6.168490
6.168574
6.168663
6.168757
6.168856
6.168961
6.169072
6.169189
6.169312
6.169441
6.169576
6.169718
6.169866
6.170021
6.170182
6.170351
6.170526
6.170710
6.170900
6.171096
6.171298
6.171507
6.171723
6.171946
6.172176
6.172413
6.172658
6.172911
6.173172
6.173440
6.173717
6.174001
6.174294
6.174596
6.174905
6.175224
6.175551
6.175887
6.176233
6.176587
6.176951
6.177324
6.177707
6.178100
6.178502
6.178914
6.179337
6.179769
6.180212
6.180665
6.181129
6.181604
6.182089
6.182585
6.183092
6.183610
6.184140
6.184680
6.185233
6.185796
6.186371
6.186958
6.187557
6.188167
6.188790
6.189424
6.190071
6.190729
6.191400
6.192082
6.192777
6.193484
6.194203
6.194935
6.195679
6.196436
6.197205
6.197986
6.198780
6.199589
6.200417
6.201275
6.202193
6.203275
6.204419
6.205588
6.206776
6.207982
6.209206
6.210448
6.211707
6.212983
6.214275
6.215585
6.216911
6.218253
6.219611
6.220985
6.222375
6.223780
6.225201
6.226636
6.228087
6.229552
6.231032
6.232526
6.234035
6.235558
6.237094
6.238645
6.240210
6.241788
6.243380
6.244986
6.246605
6.248238
6.249884
6.251544
6.253217
6.254903
6.256603
6.258316
6.260042
6.261782
6.263536
6.265302
6.267082
6.268875
6.270682
6.272502
6.274336
6.276183
6.278043
6.279917
6.281804
6.283705
6.285619
6.287547
6.289488
6.291443
6.293411
6.295392
6.297388
6.299396
6.301418
6.303453
6.305502
6.307564
6.309640
6.311728
6.313831
6.315946
6.318074
6.320216
6.322371
6.324539
6.326719
6.328913
6.331120
6.333340
6.335573
6.337818
6.340077
6.342348
6.344632
6.346929
6.349238
6.351561
6.353895
6.356243
6.358603
6.360976
6.363361
6.365759
6.368170
6.370593
6.373029
6.375478
6.377940
6.380414
6.382902
6.385400
6.387891
6.390225
6.392550
6.394885
6.397233
6.399592
6.401964
6.404348
6.406744
6.409152
6.411573
6.414005
6.416449
6.418906
6.421375
6.423856
6.426349
6.428854
6.431372
6.433902
6.436445
6.439000
6.441567
6.444147
6.446740
6.449345
6.451963
6.454594
6.457237
6.459893
6.462563
6.465245
6.467940
6.470648
6.473369
6.476103
6.478850
6.481611
6.484384
6.487171
6.489971
6.492784
6.495610
6.498450
6.501302
6.504168
6.507047
6.509939
6.512843
6.515761
6.518692
6.521636
6.524592
6.527561
6.530543
6.533537
6.536543
6.539562
6.542593
6.545635
6.548689
6.551754
6.554831
6.557918
6.561017
6.564126
6.567245
6.570374
6.573512
6.576660
6.579817
6.582982
6.586155
6.589336
6.592524
6.595719
6.598920
6.602127
6.605339
6.608556
6.611778
6.615003
6.618231
6.621462
6.624694
6.627928
6.631163
6.634397
6.637631
6.640864
6.644095
6.647323
6.650548
6.653769
6.656986
6.660198
6.663404
6.666603
6.669796
6.672981
6.676150
6.679226
6.682285
6.685334
6.688373
6.691401
6.694418
6.697424
6.700418
6.703399
6.706368
6.709323
6.712266
6.715195
6.718111
6.721013
6.723902
6.726778
6.729641
6.732492
6.735331
6.738159
6.740975
6.743782
6.746580
6.749370
6.752152
6.754928
6.757698
6.760463
6.763221
6.765974
6.768722
6.771463
6.774198
6.776927
6.779649
6.782363
6.785066
6.787754
6.790423
6.793068
6.795685
6.798270
6.800820
6.803337
6.805819
6.808270
6.810692
6.813089
6.815465
6.817826
6.820176
6.822525
6.824879
6.827247
6.829640
6.832068
6.834542
6.837071
6.839663
6.842321
6.845046
6.847835
6.850678
6.853564
6.856478
6.859404
6.862325
6.865224
6.868089
6.870904
6.873658
6.876340
6.878941
6.881455
6.883875
6.886200
6.888430
6.890568
6.892616
6.894579
6.896464
6.898276
6.900022
6.901709
6.903343
6.904930
6.906478
6.907993
6.909481
6.910950
6.912406
6.913857
6.915312
6.916778
6.918266
6.919785
6.921346
6.922963
6.924651
6.926451
6.928360
6.930396
6.932582
6.934944
6.937510
6.940312
6.943382
6.946757
6.950474
6.954575
6.959103
6.964108
6.969642
6.975763
6.982535
6.990026
6.998310
7.007464
7.017572
7.028724
7.041016
7.054552
7.069445
7.085817
7.103800
7.123533
7.145165
7.168852
7.194752
7.223027
7.253834
7.287323
7.323627
7.362858
7.405098
7.450392
7.498744
7.550117
7.604485
7.664172
7.726775
7.792048
7.859751
7.929586
8.001187
8.074115
8.147859
8.221834
8.295342
8.367496
8.437121
8.502693
8.562914
8.617782
8.664668
8.681212
8.682147
8.682136
8.682044
8.681830
8.681728
8.681404
8.681247
8.680934
8.680695
8.680414
8.680112
8.679790
8.679447
8.679083
8.678701
8.678299
8.677878
8.677438
8.676979
8.676502
8.676006
8.675490
8.674955
8.674399
8.673821
8.673221
8.672595
8.671943
8.671261
8.670544
8.669787
8.668984
8.668124
8.667196
8.666182
8.665059
8.663790
8.662317
8.660539
8.658273
8.655142
8.648514
