6.168589
6.168558
6.168514
6.168467
6.168424
6.168390
6.168361
6.168335
6.168311
6.168288
6.168265
6.168244
6.168223
6.168203
6.168183
6.168163
6.168144
6.168126
6.168108
6.168090
6.168073
6.168056
6.168039
6.168023
6.168007
6.167992
6.167977
6.167963
6.167948
6.167935
6.167921
6.167908
6.167895
6.167883
6.167871
6.167859
6.167848
6.167836
6.167826
6.167815
6.167805
6.167795
6.167786
6.167777
6.167768
6.167759
6.167751
6.167743
6.167736
6.167728
6.167721
6.167715
6.167708
6.167702
6.167697
6.167691
6.167687
6.167682
6.167678
6.167674
6.167670
6.167667
6.167665
6.167663
6.167661
6.167660
6.167660
6.167660
6.167661
6.167662
6.167665
6.167668
6.167672
6.167678
6.167684
6.167692
6.167701
6.167712
6.167725
6.167741
6.167760
6.167781
6.167805
6.167833
6.167863
6.167897
6.167934
6.167976
6.168021
6.168070
6.168123
6.168180
6.168242
6.168309
6.168380
6.168456
6.168538
6.168624
6.168716
6.168813
6.168916
6.169025
6.169139
6.169260
6.169386
6.169519
6.169659
6.169805
6.169958
6.170117
6.170284
6.170458
6.170640
6.170830
6.171026
6.171228
6.171436
6.171652
6.171875
6.172106
6.172344
6.172589
6.172843
6.173105
6.173375
6.173653
6.173939
6.174234
6.174538
6.174850
6.175171
6.175502
6.175842
6.176191
6.176549
6.176918
6.177296
6.177683
6.178081
6.178489
6.178907
6.179336
6.179775
6.180225
6.180685
6.181156
6.181639
6.182132
6.182636
6.183152
6.183679
6.184217
6.184767
6.185329
6.185902
6.186487
6.187084
6.187692
6.188312
6.188945
6.189589
6.190245
6.190913
6.191593
6.192285
6.192989
6.193705
6.194433
6.195173
6.195925
6.196689
6.197465
6.198253
6.199056
6.199878
6.200729
6.201640
6.202716
6.203855
6.205019
6.206201
6.207401
6.208617
6.209851
6.211101
6.212367
6.213650
6.214949
6.216263
6.217593
6.218939
6.220299
6.221674
6.223065
6.224469
6.225888
6.227321
6.228769
6.230230
6.231705
6.233193
6.234696
6.236211
6.237740
6.239282
6.240838
6.242407
6.243989
6.245584
6.247192
6.248813
6.250448
6.252096
6.253757
6.255431
6.257118
6.258819
6.260533
6.262261
6.264001
6.265756
6.267524
6.269305
6.271100
6.272909
6.274732
6.276568
6.278418
6.280282
6.282160
6.284053
6.285959
6.287879
6.289813
6.291761
6.293724
6.295701
6.297691
6.299696
6.301716
6.303749
6.305797
6.307859
6.309936
6.312027
6.314132
6.316251
6.318385
6.320532
6.322695
6.324871
6.327062
6.329267
6.331487
6.333720
6.335968
6.338231
6.340507
6.342798
6.345104
6.347423
6.349757
6.352105
6.354467
6.356844
6.359234
6.361639
6.364059
6.366493
6.368941
6.371404
6.373882
6.376374
6.378881
6.381403
6.383937
6.386464
6.388807
6.391138
6.393482
6.395838
6.398208
6.400591
6.402988
6.405398
6.407821
6.410257
6.412707
6.415169
6.417645
6.420134
6.422636
6.425151
6.427679
6.430220
6.432774
6.435341
6.437921
6.440515
6.443121
6.445741
6.448374
6.451020
6.453679
6.456352
6.459037
6.461736
6.464448
6.467174
6.469912
6.472664
6.475429
6.478207
6.480999
6.483804
6.486622
6.489453
6.492298
6.495156
6.498027
6.500911
6.503808
6.506718
6.509642
6.512578
6.515527
6.518489
6.521464
6.524452
6.527452
6.530464
6.533489
6.536527
6.539576
6.542637
6.545710
6.548795
6.551891
6.554998
6.558116
6.561245
6.564385
6.567535
6.570695
6.573864
6.577043
6.580231
6.583427
6.586632
6.589845
6.593065
6.596292
6.599526
6.602766
6.606011
6.609262
6.612517
6.615776
6.619039
6.622305
6.625573
6.628843
6.632114
6.635385
6.638657
6.641928
6.645199
6.648468
6.651735
6.654999
6.658261
6.661520
6.664776
6.668029
6.671278
6.674523
6.677756
6.680889
6.684011
6.687129
6.690243
6.693354
6.696461
6.699565
6.702665
6.705760
6.708852
6.711938
6.715019
6.718094
6.721162
6.724222
6.727272
6.730313
6.733341
6.736355
6.739355
6.742337
6.745300
6.748243
6.751164
6.754061
6.756933
6.759779
6.762597
6.765387
6.768147
6.770877
6.773577
6.776247
6.778891
6.781512
6.784116
6.786706
6.789285
6.791855
6.794415
6.796963
6.799495
6.802008
6.804498
6.806964
6.809404
6.811816
6.814203
6.816566
6.818907
6.821229
6.823538
6.825837
6.828132
6.830426
6.832726
6.835034
6.837353
6.839684
6.842025
6.844371
6.846715
6.849048
6.851360
6.853640
6.855876
6.858059
6.860178
6.862226
6.864198
6.866089
6.867895
6.869617
6.871255
6.872808
6.874281
6.875675
6.876994
6.878242
6.879424
6.880545
6.881610
6.882623
6.883590
6.884517
6.885408
6.886271
6.887109
6.887929
6.888736
6.889537
6.890336
6.891141
6.891957
6.892789
6.893646
6.894532
6.895455
6.896421
6.897440
6.898552
6.899740
6.901019
6.902404
6.903917
6.905580
6.907420
6.909471
6.911770
6.914365
6.917312
6.920678
6.924541
6.928994
6.934144
6.940109
6.947020
6.955021
6.964260
6.974898
6.987105
7.001057
7.016947
7.034974
7.055349
7.078289
7.104010
7.132728
7.164647
7.199955
7.238821
7.281394
7.327810
7.378198
7.432696
7.491452
7.554598
7.622181
7.694034
7.769686
7.851181
7.933927
8.016126
8.096185
8.173040
8.246614
8.317918
8.386932
8.449709
8.502696
8.544966
8.578407
8.604570
8.624792
8.640187
8.651687
8.660322
8.666784
8.671238
8.673205
8.673445
8.673408
8.673280
8.673165
8.672884
8.672722
8.672396
8.672149
8.671873
8.671562
8.671230
8.670876
8.670499
8.670099
8.669675
8.669229
8.668759
8.668265
8.667747
8.667204
8.666636
8.666040
8.665416
8.664761
8.664072
8.663346
8.662578
8.661762
8.660890
8.659951
8.658932
8.657816
8.656577
8.655174
8.653534
8.651332
8.649272
8.642158
8.633582
