6.166428
6.166398
6.166355
6.166307
6.166264
6.166231
6.166202
6.166176
6.166152
6.166128
6.166106
6.166084
6.166063
6.166043
6.166023
6.166003
6.165984
6.165965
6.165946
6.165928
6.165911
6.165893
6.165877
6.165860
6.165844
6.165828
6.165813
6.165798
6.165783
6.165769
6.165755
6.165741
6.165728
6.165715
6.165702
6.165690
6.165678
6.165666
6.165655
6.165644
6.165633
6.165623
6.165613
6.165603
6.165593
6.165584
6.165575
6.165566
6.165558
6.165550
6.165542
6.165535
6.165528
6.165521
6.165514
6.165508
6.165502
6.165496
6.165491
6.165486
6.165481
6.165477
6.165473
6.165469
6.165466
6.165464
6.165461
6.165460
6.165458
6.165458
6.165458
6.165458
6.165459
6.165461
6.165464
6.165468
6.165473
6.165479
6.165487
6.165496
6.165508
6.165522
6.165538
6.165556
6.165577
6.165601
6.165628
6.165658
6.165692
6.165728
6.165769
6.165813
6.165861
6.165913
6.165969
6.166029
6.166094
6.166164
6.166238
6.166318
6.166402
6.166492
6.166587
6.166687
6.166794
6.166905
6.167023
6.167147
6.167277
6.167414
6.167557
6.167706
6.167863
6.168026
6.168196
6.168374
6.168559
6.168751
6.168952
6.169161
6.169376
6.169597
6.169825
6.170061
6.170304
6.170554
6.170813
6.171079
6.171354
6.171637
6.171929
6.172229
6.172538
6.172856
6.173183
6.173520
6.173865
6.174220
6.174585
6.174959
6.175343
6.175737
6.176142
6.176556
6.176981
6.177416
6.177862
6.178319
6.178786
6.179265
6.179754
6.180254
6.180766
6.181289
6.181824
6.182370
6.182927
6.183497
6.184078
6.184670
6.185275
6.185891
6.186520
6.187160
6.187812
6.188476
6.189152
6.189840
6.190541
6.191253
6.191977
6.192714
6.193464
6.194229
6.195014
6.195829
6.196700
6.197715
6.198791
6.199893
6.201015
6.202154
6.203310
6.204484
6.205674
6.206880
6.208103
6.209341
6.210596
6.211865
6.213150
6.214450
6.215764
6.217093
6.218436
6.219793
6.221164
6.222549
6.223947
6.225358
6.226783
6.228221
6.229671
6.231135
6.232612
6.234101
6.235603
6.237118
6.238646
6.240187
6.241741
6.243307
6.244887
6.246480
6.248086
6.249706
6.251339
6.252986
6.254646
6.256320
6.258008
6.259711
6.261427
6.263158
6.264904
6.266664
6.268440
6.270230
6.272035
6.273856
6.275692
6.277544
6.279412
6.281295
6.283194
6.285110
6.287041
6.288990
6.290954
6.292935
6.294933
6.296948
6.298979
6.301027
6.303093
6.305176
6.307276
6.309393
6.311528
6.313680
6.315850
6.318037
6.320242
6.322465
6.324706
6.326964
6.329241
6.331536
6.333848
6.336179
6.338528
6.340895
6.343280
6.345683
6.348105
6.350544
6.353002
6.355478
6.357973
6.360485
6.363016
6.365565
6.368133
6.370718
6.373321
6.375940
6.378553
6.381000
6.383438
6.385890
6.388359
6.390845
6.393348
6.395868
6.398404
6.400958
6.403528
6.406116
6.408720
6.411342
6.413980
6.416636
6.419309
6.421999
6.424706
6.427430
6.430172
6.432930
6.435705
6.438498
6.441307
6.444133
6.446976
6.449836
6.452713
6.455607
6.458517
6.461444
6.464387
6.467347
6.470324
6.473316
6.476325
6.479350
6.482391
6.485449
6.488521
6.491610
6.494714
6.497833
6.500968
6.504118
6.507282
6.510462
6.513656
6.516865
6.520088
6.523324
6.526575
6.529840
6.533117
6.536408
6.539712
6.543029
6.546358
6.549699
6.553052
6.556417
6.559793
6.563180
6.566577
6.569985
6.573403
6.576831
6.580267
6.583713
6.587167
6.590629
6.594099
6.597576
6.601060
6.604551
6.608047
6.611549
6.615056
6.618567
6.622083
6.625603
6.629126
6.632653
6.636183
6.639717
6.643253
6.646791
6.650333
6.653878
6.657427
6.660978
6.664533
6.668092
6.671655
6.675221
6.678792
6.682365
6.685943
6.689522
6.693094
6.696566
6.700029
6.703489
6.706946
6.710399
6.713844
6.717281
6.720709
6.724125
6.727527
6.730915
6.734287
6.737642
6.740979
6.744295
6.747591
6.750864
6.754113
6.757336
6.760532
6.763700
6.766836
6.769938
6.773004
6.776031
6.779017
6.781960
6.784856
6.787703
6.790500
6.793245
6.795937
6.798577
6.801166
6.803706
6.806202
6.808658
6.811083
6.813486
6.815880
6.818276
6.820691
6.823141
6.825640
6.828204
6.830843
6.833562
6.836361
6.839232
6.842159
6.845121
6.848095
6.851055
6.853977
6.856842
6.859632
6.862336
6.864945
6.867456
6.869869
6.872185
6.874408
6.876543
6.878596
6.880574
6.882483
6.884329
6.886120
6.887862
6.889560
6.891222
6.892852
6.894456
6.896039
6.897608
6.899167
6.900723
6.902279
6.903840
6.905410
6.906992
6.908593
6.910215
6.911864
6.913543
6.915259
6.917015
6.918816
6.920668
6.922575
6.924542
6.926575
6.928678
6.930857
6.933116
6.935462
6.937899
6.940434
6.943071
6.945816
6.948676
6.951658
6.954766
6.958010
6.961402
6.964959
6.968696
6.972634
6.976792
6.981196
6.985874
6.990858
6.996185
7.001897
7.008045
7.014686
7.021886
7.029723
7.038286
7.047679
7.058018
7.069440
7.082094
7.096150
7.111791
7.129216
7.148631
7.170250
7.194285
7.220939
7.250396
7.282816
7.318322
7.356994
7.398861
7.443893
7.492001
7.543033
7.596775
7.652997
7.712141
7.773104
7.835403
7.898581
7.962185
8.025818
8.089207
8.152263
8.214990
8.276992
8.336862
8.392566
8.442590
8.485467
8.521098
8.550066
8.573193
8.591286
8.605082
8.615465
8.623231
8.628896
8.631950
8.632581
8.632622
8.632534
8.632357
8.632257
8.631915
8.631759
8.631396
8.631158
8.630857
8.630536
8.630190
8.629820
8.629424
8.629004
8.628559
8.628089
8.627593
8.627071
8.626521
8.625942
8.625332
8.624689
8.624009
8.623287
8.622518
8.621693
8.620803
8.619833
8.618765
8.617564
8.616174
8.614488
8.612248
8.608480
8.600844
