6.133606
6.133574
6.133529
6.133480
6.133436
6.133401
6.133371
6.133344
6.133319
6.133295
6.133272
6.133250
6.133228
6.133207
6.133186
6.133165
6.133145
6.133126
6.133106
6.133088
6.133069
6.133051
6.133034
6.133016
6.132999
6.132983
6.132967
6.132951
6.132936
6.132921
6.132906
6.132892
6.132878
6.132864
6.132851
6.132838
6.132825
6.132813
6.132801
6.132789
6.132777
6.132766
6.132755
6.132745
6.132734
6.132724
6.132715
6.132705
6.132696
6.132687
6.132678
6.132670
6.132662
6.132654
6.132646
6.132639
6.132632
6.132625
6.132619
6.132613
6.132607
6.132601
6.132596
6.132591
6.132586
6.132582
6.132578
6.132574
6.132571
6.132568
6.132565
6.132563
6.132562
6.132561
6.132561
6.132562
6.132563
6.132566
6.132570
6.132575
6.132583
6.132592
6.132603
6.132616
6.132631
6.132649
6.132668
6.132690
6.132714
6.132740
6.132769
6.132801
6.132835
6.132872
6.132912
6.132954
6.133000
6.133048
6.133100
6.133154
6.133212
6.133273
6.133338
6.133405
6.133477
6.133552
6.133631
6.133713
6.133800
6.133890
6.133985
6.134083
6.134186
6.134293
6.134405
6.134521
6.134642
6.134768
6.134898
6.135033
6.135174
6.135320
6.135471
6.135627
6.135789
6.135957
6.136130
6.136310
6.136495
6.136687
6.136885
6.137089
6.137300
6.137517
6.137742
6.137973
6.138212
6.138458
6.138711
6.138972
6.139241
6.139518
6.139802
6.140095
6.140396
6.140705
6.141024
6.141351
6.141686
6.142031
6.142386
6.142749
6.143123
6.143506
6.143898
6.144301
6.144715
6.145140
6.145573
6.146014
6.146464
6.146924
6.147394
6.147874
6.148364
6.148864
6.149375
6.149896
6.150429
6.150972
6.151528
6.152095
6.152677
6.153273
6.153887
6.154525
6.155197
6.155928
6.156710
6.157526
6.158366
6.159226
6.160106
6.161004
6.161921
6.162855
6.163808
6.164778
6.165767
6.166774
6.167799
6.168842
6.169904
6.170985
6.172084
6.173202
6.174338
6.175493
6.176665
6.177856
6.179065
6.180292
6.181537
6.182799
6.184079
6.185377
6.186692
6.188024
6.189373
6.190739
6.192122
6.193522
6.194938
6.196371
6.197820
6.199285
6.200766
6.202264
6.203778
6.205307
6.206853
6.208414
6.209991
6.211584
6.213192
6.214817
6.216457
6.218112
6.219784
6.221471
6.223174
6.224893
6.226627
6.228378
6.230144
6.231926
6.233725
6.235539
6.237370
6.239217
6.241080
6.242960
6.244856
6.246769
6.248698
6.250644
6.252606
6.254585
6.256582
6.258595
6.260625
6.262671
6.264735
6.266816
6.268914
6.271030
6.273162
6.275311
6.277478
6.279662
6.281863
6.284081
6.286317
6.288570
6.290840
6.293127
6.295431
6.297753
6.300092
6.302448
6.304821
6.307211
6.309618
6.312042
6.314481
6.316930
6.319359
6.321658
6.323919
6.326184
6.328464
6.330759
6.333069
6.335395
6.337736
6.340092
6.342464
6.344852
6.347254
6.349672
6.352106
6.354554
6.357018
6.359498
6.361993
6.364503
6.367029
6.369570
6.372126
6.374698
6.377286
6.379889
6.382507
6.385141
6.387791
6.390456
6.393136
6.395833
6.398545
6.401272
6.404016
6.406775
6.409550
6.412340
6.415147
6.417969
6.420807
6.423662
6.426532
6.429418
6.432321
6.435239
6.438174
6.441125
6.444092
6.447076
6.450076
6.453092
6.456125
6.459175
6.462241
6.465324
6.468423
6.471539
6.474672
6.477822
6.480989
6.484173
6.487374
6.490592
6.493827
6.497080
6.500350
6.503637
6.506941
6.510263
6.513602
6.516959
6.520333
6.523725
6.527135
6.530562
6.534007
6.537469
6.540950
6.544448
6.547963
6.551497
6.555048
6.558617
6.562204
6.565809
6.569431
6.573071
6.576729
6.580404
6.584097
6.587808
6.591536
6.595282
6.599045
6.602826
6.606624
6.610439
6.614271
6.618117
6.621963
6.625724
6.629485
6.633260
6.637050
6.640855
6.644677
6.648514
6.652367
6.656234
6.660117
6.664015
6.667928
6.671855
6.675797
6.679753
6.683723
6.687707
6.691705
6.695716
6.699740
6.703777
6.707827
6.711889
6.715964
6.720051
6.724149
6.728259
6.732380
6.736512
6.740655
6.744808
6.748971
6.753145
6.757328
6.761520
6.765722
6.769933
6.774152
6.778380
6.782617
6.786862
6.791116
6.795378
6.799648
6.803926
6.808213
6.812509
6.816814
6.821128
6.825452
6.829786
6.834132
6.838490
6.842861
6.847247
6.851649
6.856069
6.860509
6.864972
6.869459
6.873975
6.878522
6.883105
6.887728
6.892397
6.897116
6.901893
6.906734
6.911646
6.916640
6.921723
6.926906
6.932201
6.937619
6.943174
6.948880
6.954753
6.960807
6.967062
6.973534
6.980244
6.987211
6.994456
7.002002
7.009870
7.018083
7.026666
7.035640
7.045032
7.054863
7.065159
7.075941
7.087233
7.099058
7.111435
7.124385
7.137927
7.152079
7.166859
7.182312
7.198879
7.216163
7.234145
7.252829
7.272221
7.292324
7.313140
7.334666
7.356899
7.379832
7.403456
7.427755
7.452710
7.478292
7.504465
7.531181
7.558381
7.585987
7.613909
7.642038
7.670248
7.698402
7.726349
7.753933
7.780999
7.807398
7.833003
7.857718
7.881511
7.904435
7.926581
7.947423
7.966271
7.981293
7.991349
7.997193
8.000463
8.001340
8.001516
8.001545
8.001518
8.001460
8.001376
8.001306
8.001141
8.001070
8.000883
8.000788
8.000565
8.000458
8.000232
8.000135
7.999865
7.999582
7.999469
7.999352
7.999043
7.998717
7.998569
7.998436
7.998142
7.997780
7.997612
7.997467
7.997114
7.996951
7.996540
7.996400
7.996265
7.995913
7.995606
7.995437
7.995240
7.994942
7.994832
7.994549
7.994289
7.994153
7.993932
7.993726
7.993538
7.993340
7.993133
7.992935
7.992719
7.992484
7.992223
7.991921
7.991561
7.991120
7.990573
7.989885
7.989021
7.987933
7.986562
7.984816
7.982534
7.979367
7.974272
