6.166650
6.166620
6.166577
6.166530
6.166487
6.166454
6.166425
6.166399
6.166375
6.166352
6.166330
6.166308
6.166287
6.166267
6.166247
6.166227
6.166208
6.166190
6.166171
6.166154
6.166136
6.166119
6.166103
6.166086
6.166070
6.166055
6.166040
6.166025
6.166011
6.165997
6.165983
6.165970
6.165957
6.165944
6.165932
6.165920
6.165909
6.165897
6.165886
6.165876
6.165865
6.165855
6.165846
6.165836
6.165827
6.165819
6.165810
6.165802
6.165794
6.165787
6.165779
6.165772
6.165766
6.165760
6.165754
6.165748
6.165743
6.165738
6.165733
6.165729
6.165725
6.165722
6.165719
6.165717
6.165714
6.165713
6.165712
6.165711
6.165711
6.165712
6.165714
6.165716
6.165719
6.165724
6.165729
6.165735
6.165742
6.165751
6.165763
6.165776
6.165792
6.165810
6.165831
6.165855
6.165881
6.165911
6.165944
6.165981
6.166021
6.166065
6.166112
6.166164
6.166220
6.166280
6.166345
6.166414
6.166488
6.166567
6.166651
6.166740
6.166834
6.166934
6.167040
6.167151
6.167268
6.167391
6.167520
6.167656
6.167797
6.167946
6.168101
6.168263
6.168431
6.168607
6.168791
6.168983
6.169180
6.169384
6.169593
6.169810
6.170033
6.170264
6.170502
6.170748
6.171001
6.171262
6.171531
6.171808
6.172093
6.172387
6.172689
6.172999
6.173319
6.173647
6.173984
6.174330
6.174686
6.175051
6.175425
6.175809
6.176203
6.176607
6.177020
6.177444
6.177878
6.178323
6.178778
6.179244
6.179720
6.180208
6.180706
6.181215
6.181736
6.182268
6.182811
6.183366
6.183932
6.184510
6.185100
6.185701
6.186315
6.186940
6.187577
6.188227
6.188888
6.189562
6.190248
6.190946
6.191657
6.192379
6.193115
6.193863
6.194624
6.195401
6.196197
6.197023
6.197905
6.198930
6.200013
6.201123
6.202252
6.203399
6.204564
6.205746
6.206945
6.208161
6.209394
6.210643
6.211909
6.213190
6.214488
6.215802
6.217131
6.218475
6.219834
6.221208
6.222597
6.224000
6.225417
6.226849
6.228294
6.229754
6.231227
6.232714
6.234214
6.235728
6.237255
6.238796
6.240349
6.241916
6.243496
6.245090
6.246696
6.248316
6.249949
6.251596
6.253256
6.254929
6.256616
6.258316
6.260030
6.261758
6.263499
6.265255
6.267024
6.268807
6.270605
6.272417
6.274243
6.276083
6.277938
6.279808
6.281693
6.283592
6.285506
6.287436
6.289380
6.291340
6.293315
6.295305
6.297311
6.299333
6.301370
6.303422
6.305491
6.307576
6.309676
6.311792
6.313925
6.316074
6.318239
6.320420
6.322618
6.324832
6.327063
6.329310
6.331573
6.333854
6.336150
6.338464
6.340794
6.343141
6.345505
6.347885
6.350283
6.352697
6.355128
6.357576
6.360041
6.362522
6.365021
6.367537
6.370069
6.372619
6.375185
6.377766
6.380342
6.382773
6.385198
6.387637
6.390091
6.392561
6.395048
6.397550
6.400069
6.402604
6.405155
6.407723
6.410306
6.412906
6.415523
6.418155
6.420804
6.423470
6.426152
6.428850
6.431564
6.434295
6.437043
6.439807
6.442587
6.445384
6.448197
6.451026
6.453871
6.456733
6.459611
6.462505
6.465415
6.468341
6.471282
6.474240
6.477213
6.480202
6.483207
6.486226
6.489262
6.492312
6.495377
6.498457
6.501552
6.504661
6.507785
6.510923
6.514075
6.517241
6.520420
6.523613
6.526820
6.530039
6.533271
6.536516
6.539773
6.543042
6.546322
6.549614
6.552918
6.556232
6.559557
6.562892
6.566237
6.569591
6.572955
6.576328
6.579709
6.583099
6.586496
6.589901
6.593312
6.596730
6.600154
6.603584
6.607018
6.610458
6.613901
6.617349
6.620800
6.624254
6.627710
6.631168
6.634628
6.638090
6.641552
6.645015
6.648480
6.651944
6.655410
6.658877
6.662345
6.665815
6.669288
6.672764
6.676246
6.679735
6.683233
6.686741
6.690256
6.693703
6.697165
6.700655
6.704179
6.707744
6.711357
6.715025
6.718756
6.722554
6.726422
6.730360
6.734366
6.738434
6.742553
6.746711
6.750894
6.755083
6.759260
6.763406
6.767503
6.771532
6.775478
6.779327
6.783068
6.786695
6.790200
6.793580
6.796834
6.799961
6.802963
6.805842
6.808600
6.811241
6.813769
6.816187
6.818501
6.820714
6.822831
6.824856
6.826793
6.828648
6.830423
6.832122
6.833749
6.835308
6.836800
6.838230
6.839598
6.840908
6.842160
6.843356
6.844497
6.845585
6.846618
6.847599
6.848527
6.849403
6.850227
6.851000
6.851723
6.852396
6.853022
6.853601
6.854136
6.854628
6.855080
6.855494
6.855873
6.856220
6.856536
6.856823
6.857085
6.857322
6.857535
6.857726
6.857896
6.858045
6.858176
6.858291
6.858383
6.858454
6.858508
6.858549
6.858581
6.858605
6.858623
6.858638
6.858649
6.858658
6.858664
6.858670
6.858674
6.858678
6.858680
6.858683
6.858685
6.858687
6.858688
6.858690
6.858692
6.858693
6.858695
6.858698
6.858701
6.858705
6.858711
6.858720
6.858736
6.858763
6.858815
6.858912
6.859071
6.859314
6.859671
6.860184
6.860912
6.861937
6.863350
6.865255
6.867766
6.871007
6.875120
6.880273
6.886664
6.894518
6.904095
6.915682
6.929593
6.946171
6.965776
6.988781
7.015564
7.046494
7.081917
7.122150
7.167474
7.218131
7.274342
7.336315
7.404316
7.481823
7.565873
7.656092
7.751606
7.850841
7.951595
8.051350
8.147697
8.238681
8.322913
8.399470
8.467806
8.527934
8.578635
8.623261
8.663773
8.694332
8.710271
8.716830
8.718667
8.718713
8.718624
8.718450
8.718328
8.718017
8.717833
8.717513
8.717238
8.716948
8.716623
8.716278
8.715910
8.715520
8.715107
8.714671
8.714213
8.713731
8.713226
8.712696
8.712142
8.711562
8.710955
8.710319
8.709651
8.708948
8.708208
8.707424
8.706591
8.705701
8.704741
8.703701
8.702561
8.701300
8.699883
8.698243
8.695327
8.693312
8.685423
8.677834
