6.133606
6.133574
6.133529
6.133480
6.133436
6.133401
6.133371
6.133344
6.133319
6.133295
6.133272
6.133250
6.133228
6.133207
6.133186
6.133165
6.133145
6.133126
6.133106
6.133088
6.133069
6.133051
6.133034
6.133016
6.132999
6.132983
6.132967
6.132951
6.132936
6.132921
6.132906
6.132892
6.132878
6.132864
6.132851
6.132838
6.132825
6.132813
6.132801
6.132789
6.132777
6.132766
6.132755
6.132745
6.132734
6.132724
6.132715
6.132705
6.132696
6.132687
6.132678
6.132670
6.132662
6.132654
6.132646
6.132639
6.132632
6.132625
6.132619
6.132613
6.132607
6.132601
6.132596
6.132591
6.132586
6.132581
6.132577
6.132574
6.132570
6.132567
6.132565
6.132563
6.132561
6.132560
6.132560
6.132561
6.132562
6.132564
6.132568
6.132574
6.132581
6.132589
6.132600
6.132613
6.132628
6.132645
6.132664
6.132685
6.132709
6.132735
6.132764
6.132796
6.132829
6.132866
6.132906
6.132948
6.132993
6.133041
6.133092
6.133147
6.133204
6.133265
6.133329
6.133397
6.133468
6.133543
6.133622
6.133704
6.133790
6.133880
6.133974
6.134073
6.134175
6.134282
6.134394
6.134509
6.134630
6.134755
6.134885
6.135021
6.135161
6.135306
6.135457
6.135613
6.135775
6.135942
6.136115
6.136294
6.136479
6.136671
6.136868
6.137072
6.137283
6.137500
6.137725
6.137956
6.138194
6.138440
6.138693
6.138954
6.139223
6.139499
6.139784
6.140077
6.140378
6.140688
6.141007
6.141334
6.141671
6.142017
6.142372
6.142737
6.143112
6.143498
6.143893
6.144296
6.144707
6.145127
6.145557
6.145996
6.146444
6.146903
6.147371
6.147849
6.148338
6.148837
6.149347
6.149867
6.150398
6.150941
6.151494
6.152060
6.152639
6.153234
6.153846
6.154481
6.155151
6.155883
6.156671
6.157490
6.158332
6.159193
6.160073
6.160971
6.161887
6.162821
6.163773
6.164744
6.165734
6.166741
6.167767
6.168812
6.169875
6.170957
6.172057
6.173175
6.174312
6.175467
6.176640
6.177832
6.179041
6.180268
6.181513
6.182776
6.184056
6.185354
6.186669
6.188001
6.189350
6.190717
6.192100
6.193500
6.194916
6.196349
6.197798
6.199263
6.200745
6.202242
6.203756
6.205285
6.206831
6.208392
6.209969
6.211562
6.213170
6.214794
6.216434
6.218090
6.219761
6.221448
6.223151
6.224869
6.226604
6.228354
6.230120
6.231902
6.233700
6.235515
6.237345
6.239192
6.241055
6.242934
6.244830
6.246743
6.248672
6.250617
6.252580
6.254559
6.256555
6.258567
6.260597
6.262644
6.264708
6.266789
6.268886
6.271001
6.273134
6.275283
6.277450
6.279633
6.281835
6.284053
6.286288
6.288541
6.290811
6.293098
6.295403
6.297724
6.300063
6.302419
6.304792
6.307182
6.309589
6.312013
6.314453
6.316904
6.319335
6.321629
6.323886
6.326152
6.328432
6.330727
6.333038
6.335364
6.337705
6.340062
6.342434
6.344821
6.347224
6.349642
6.352075
6.354524
6.356988
6.359468
6.361963
6.364473
6.366998
6.369539
6.372096
6.374668
6.377255
6.379858
6.382477
6.385110
6.387760
6.390425
6.393106
6.395802
6.398514
6.401241
6.403984
6.406743
6.409518
6.412309
6.415115
6.417937
6.420776
6.423630
6.426500
6.429386
6.432289
6.435207
6.438142
6.441093
6.444060
6.447043
6.450043
6.453060
6.456092
6.459142
6.462208
6.465291
6.468390
6.471506
6.474639
6.477789
6.480956
6.484140
6.487340
6.490558
6.493794
6.497046
6.500316
6.503603
6.506907
6.510229
6.513568
6.516925
6.520299
6.523691
6.527100
6.530528
6.533972
6.537435
6.540915
6.544413
6.547929
6.551463
6.555014
6.558583
6.562170
6.565775
6.569397
6.573037
6.576695
6.580371
6.584064
6.587775
6.591503
6.595249
6.599012
6.602793
6.606591
6.610406
6.614238
6.618085
6.621932
6.625693
6.629454
6.633229
6.637019
6.640825
6.644647
6.648485
6.652338
6.656206
6.660089
6.663988
6.667901
6.671829
6.675771
6.679728
6.683698
6.687683
6.691681
6.695693
6.699717
6.703755
6.707806
6.711869
6.715944
6.720031
6.724130
6.728241
6.732362
6.736495
6.740639
6.744793
6.748957
6.753131
6.757314
6.761508
6.765710
6.769921
6.774142
6.778370
6.782608
6.786854
6.791108
6.795370
6.799640
6.803919
6.808206
6.812502
6.816807
6.821121
6.825444
6.829778
6.834123
6.838480
6.842850
6.847235
6.851635
6.856053
6.860490
6.864949
6.869433
6.873945
6.878487
6.883065
6.887682
6.892344
6.897055
6.901823
6.906654
6.911556
6.916538
6.921608
6.926777
6.932056
6.937458
6.942994
6.948680
6.954531
6.960563
6.966793
6.973239
6.979922
6.986860
6.994075
7.001589
7.009425
7.017605
7.026153
7.035093
7.044449
7.054245
7.064505
7.075252
7.086509
7.098299
7.110643
7.123562
7.137074
7.151198
7.165951
7.181378
7.197924
7.215188
7.233151
7.251817
7.271190
7.291273
7.312064
7.333558
7.355750
7.378628
7.402179
7.426383
7.451218
7.476654
7.502656
7.529181
7.556178
7.583586
7.611331
7.639328
7.667482
7.695683
7.723811
7.751746
7.779372
7.806602
7.833411
7.859874
7.886193
7.912599
7.938995
7.964453
7.987359
8.006163
8.020995
8.032366
8.040930
8.047337
8.052223
8.055962
8.058798
8.060659
8.061775
8.062379
8.062684
8.062841
8.062919
8.062957
8.062971
8.062970
8.062958
8.062939
8.062913
8.062883
8.062849
8.062813
8.062772
8.062733
8.062687
8.062648
8.062599
8.062559
8.062512
8.062474
8.062430
8.062392
8.062356
8.062321
8.062291
8.062264
8.062241
8.062222
8.062207
8.062196
8.062189
8.062184
8.062182
8.062181
8.062178
8.062172
8.062162
8.062143
8.062115
8.062073
8.062016
8.061941
8.061844
8.061721
8.061567
8.061376
8.061140
8.060847
8.060482
8.060019
8.059423
8.058626
8.057506
8.055789
8.052658
