6.133606
6.133574
6.133529
6.133480
6.133436
6.133401
6.133371
6.133344
6.133319
6.133295
6.133272
6.133250
6.133228
6.133207
6.133186
6.133165
6.133145
6.133126
6.133106
6.133088
6.133069
6.133051
6.133034
6.133016
6.132999
6.132983
6.132967
6.132951
6.132936
6.132921
6.132906
6.132892
6.132878
6.132864
6.132851
6.132838
6.132825
6.132813
6.132801
6.132789
6.132777
6.132766
6.132755
6.132745
6.132734
6.132724
6.132714
6.132705
6.132696
6.132687
6.132678
6.132670
6.132662
6.132654
6.132646
6.132639
6.132632
6.132625
6.132619
6.132612
6.132606
6.132601
6.132595
6.132590
6.132586
6.132581
6.132577
6.132573
6.132570
6.132567
6.132565
6.132562
6.132561
6.132560
6.132560
6.132560
6.132561
6.132564
6.132567
6.132573
6.132580
6.132588
6.132599
6.132612
6.132626
6.132643
6.132662
6.132684
6.132707
6.132733
6.132762
6.132793
6.132827
6.132863
6.132903
6.132945
6.132990
6.133038
6.133089
6.133143
6.133201
6.133261
6.133326
6.133393
6.133464
6.133539
6.133617
6.133700
6.133786
6.133876
6.133970
6.134068
6.134170
6.134277
6.134388
6.134504
6.134625
6.134750
6.134880
6.135015
6.135155
6.135300
6.135451
6.135607
6.135768
6.135936
6.136109
6.136288
6.136473
6.136664
6.136861
6.137065
6.137276
6.137493
6.137718
6.137949
6.138187
6.138433
6.138686
6.138947
6.139215
6.139492
6.139776
6.140069
6.140371
6.140680
6.140999
6.141326
6.141663
6.142009
6.142364
6.142729
6.143103
6.143489
6.143884
6.144286
6.144697
6.145117
6.145546
6.145985
6.146433
6.146891
6.147359
6.147837
6.148326
6.148824
6.149334
6.149853
6.150384
6.150926
6.151480
6.152046
6.152625
6.153218
6.153830
6.154466
6.155136
6.155868
6.156656
6.157475
6.158317
6.159179
6.160059
6.160957
6.161873
6.162808
6.163760
6.164732
6.165721
6.166729
6.167756
6.168801
6.169864
6.170946
6.172046
6.173165
6.174302
6.175457
6.176630
6.177822
6.179031
6.180258
6.181504
6.182766
6.184047
6.185345
6.186660
6.187992
6.189341
6.190708
6.192091
6.193490
6.194907
6.196340
6.197789
6.199254
6.200736
6.202233
6.203747
6.205276
6.206822
6.208383
6.209960
6.211553
6.213161
6.214785
6.216425
6.218080
6.219751
6.221438
6.223141
6.224859
6.226594
6.228344
6.230110
6.231892
6.233690
6.235504
6.237335
6.239181
6.241044
6.242924
6.244819
6.246732
6.248661
6.250606
6.252568
6.254547
6.256543
6.258556
6.260586
6.262632
6.264696
6.266777
6.268875
6.270990
6.273122
6.275271
6.277438
6.279621
6.281822
6.284041
6.286276
6.288529
6.290799
6.293086
6.295390
6.297712
6.300050
6.302406
6.304779
6.307169
6.309577
6.312001
6.314441
6.316891
6.319322
6.321616
6.323874
6.326139
6.328419
6.330715
6.333025
6.335351
6.337692
6.340049
6.342421
6.344808
6.347211
6.349629
6.352063
6.354511
6.356975
6.359455
6.361950
6.364460
6.366986
6.369527
6.372083
6.374655
6.377242
6.379845
6.382464
6.385097
6.387747
6.390412
6.393092
6.395789
6.398500
6.401228
6.403971
6.406730
6.409505
6.412295
6.415102
6.417924
6.420762
6.423616
6.426487
6.429373
6.432275
6.435194
6.438128
6.441079
6.444046
6.447030
6.450029
6.453046
6.456079
6.459128
6.462194
6.465277
6.468376
6.471492
6.474625
6.477775
6.480942
6.484125
6.487326
6.490544
6.493779
6.497032
6.500301
6.503588
6.506893
6.510214
6.513553
6.516910
6.520284
6.523676
6.527086
6.530513
6.533958
6.537420
6.540901
6.544399
6.547914
6.551448
6.554999
6.558569
6.562155
6.565760
6.569383
6.573023
6.576681
6.580356
6.584050
6.587760
6.591489
6.595235
6.598998
6.602779
6.606577
6.610393
6.614225
6.618072
6.621919
6.625680
6.629441
6.633216
6.637007
6.640813
6.644635
6.648473
6.652326
6.656194
6.660078
6.663976
6.667890
6.671818
6.675760
6.679717
6.683688
6.687673
6.691671
6.695683
6.699708
6.703746
6.707797
6.711860
6.715935
6.720023
6.724122
6.728233
6.732355
6.736488
6.740632
6.744786
6.748951
6.753125
6.757309
6.761502
6.765705
6.769917
6.774137
6.778366
6.782604
6.786850
6.791104
6.795367
6.799637
6.803916
6.808204
6.812499
6.816804
6.821118
6.825441
6.829775
6.834120
6.838477
6.842846
6.847230
6.851629
6.856046
6.860483
6.864941
6.869423
6.873933
6.878473
6.883049
6.887663
6.892322
6.897031
6.901795
6.906622
6.911520
6.916496
6.921561
6.926724
6.931997
6.937391
6.942920
6.948598
6.954440
6.960462
6.966682
6.973118
6.979789
6.986715
6.993918
7.001419
7.009241
7.017407
7.025940
7.034866
7.044207
7.053988
7.064233
7.074965
7.086208
7.097983
7.110314
7.123218
7.136717
7.150828
7.165569
7.180983
7.197517
7.214767
7.232715
7.251364
7.270718
7.290775
7.311535
7.332989
7.355128
7.377939
7.401403
7.425498
7.450195
7.475461
7.501255
7.527529
7.554228
7.581289
7.608638
7.636196
7.663873
7.691572
7.719189
7.746616
7.773741
7.800454
7.826645
7.852215
7.877077
7.901172
7.924490
7.947109
7.969251
7.991277
8.012925
8.033298
8.050042
8.062000
8.069823
8.074905
8.078192
8.079751
8.080187
8.080326
8.080368
8.080367
8.080342
8.080300
8.080246
8.080186
8.080097
8.080049
8.079926
8.079879
8.079738
8.079686
8.079531
8.079471
8.079374
8.079235
8.079132
8.079066
8.078953
8.078817
8.078748
8.078648
8.078573
8.078470
8.078391
8.078325
8.078260
8.078204
8.078158
8.078125
8.078106
8.078101
8.078115
8.078148
8.078205
8.078288
8.078400
8.078546
8.078729
8.078953
8.079222
8.079537
8.079898
8.080304
8.080745
8.081207
8.081664
8.082092
8.082466
8.082762
8.082947
8.082976
8.082781
8.082234
8.081005
