6.133606
6.133574
6.133529
6.133480
6.133436
6.133401
6.133371
6.133344
6.133319
6.133295
6.133272
6.133250
6.133228
6.133207
6.133186
6.133165
6.133145
6.133126
6.133106
6.133088
6.133069
6.133051
6.133034
6.133016
6.132999
6.132983
6.132967
6.132951
6.132936
6.132921
6.132906
6.132892
6.132878
6.132864
6.132851
6.132838
6.132825
6.132813
6.132801
6.132789
6.132777
6.132766
6.132755
6.132745
6.132734
6.132724
6.132715
6.132705
6.132696
6.132687
6.132678
6.132670
6.132662
6.132654
6.132646
6.132639
6.132632
6.132625
6.132619
6.132613
6.132607
6.132601
6.132596
6.132591
6.132586
6.132582
6.132577
6.132574
6.132570
6.132568
6.132565
6.132563
6.132562
6.132561
6.132561
6.132561
6.132562
6.132565
6.132569
6.132574
6.132581
6.132590
6.132601
6.132614
6.132629
6.132646
6.132665
6.132687
6.132711
6.132737
6.132766
6.132797
6.132831
6.132868
6.132908
6.132950
6.132995
6.133044
6.133095
6.133149
6.133207
6.133268
6.133332
6.133400
6.133471
6.133546
6.133625
6.133707
6.133793
6.133884
6.133978
6.134076
6.134179
6.134286
6.134398
6.134514
6.134634
6.134760
6.134890
6.135025
6.135165
6.135311
6.135462
6.135618
6.135780
6.135947
6.136120
6.136300
6.136485
6.136676
6.136874
6.137078
6.137289
6.137506
6.137731
6.137962
6.138200
6.138446
6.138700
6.138960
6.139229
6.139506
6.139790
6.140083
6.140384
6.140694
6.141013
6.141340
6.141677
6.142023
6.142378
6.142742
6.143117
6.143502
6.143898
6.144302
6.144713
6.145134
6.145564
6.146004
6.146452
6.146911
6.147380
6.147859
6.148348
6.148847
6.149357
6.149878
6.150409
6.150952
6.151506
6.152072
6.152652
6.153246
6.153859
6.154495
6.155165
6.155897
6.156684
6.157502
6.158344
6.159205
6.160084
6.160983
6.161899
6.162833
6.163785
6.164755
6.165744
6.166752
6.167778
6.168822
6.169885
6.170966
6.172066
6.173184
6.174321
6.175476
6.176649
6.177840
6.179049
6.180276
6.181521
6.182784
6.184064
6.185362
6.186677
6.188009
6.189358
6.190724
6.192107
6.193507
6.194923
6.196356
6.197805
6.199271
6.200752
6.202250
6.203763
6.205293
6.206838
6.208400
6.209977
6.211569
6.213178
6.214802
6.216442
6.218098
6.219769
6.221456
6.223159
6.224877
6.226612
6.228362
6.230128
6.231911
6.233709
6.235523
6.237354
6.239201
6.241064
6.242943
6.244839
6.246752
6.248681
6.250626
6.252589
6.254568
6.256564
6.258577
6.260607
6.262653
6.264717
6.266798
6.268896
6.271011
6.273143
6.275293
6.277460
6.279643
6.281844
6.284063
6.286298
6.288551
6.290821
6.293108
6.295413
6.297734
6.300073
6.302429
6.304802
6.307192
6.309599
6.312023
6.314463
6.316913
6.319344
6.321639
6.323897
6.326163
6.328443
6.330738
6.333048
6.335374
6.337716
6.340072
6.342444
6.344832
6.347234
6.349652
6.352086
6.354535
6.356999
6.359478
6.361973
6.364483
6.367009
6.369550
6.372107
6.374679
6.377266
6.379869
6.382487
6.385121
6.387771
6.390436
6.393116
6.395813
6.398524
6.401252
6.403995
6.406754
6.409529
6.412320
6.415126
6.417948
6.420787
6.423641
6.426511
6.429397
6.432300
6.435218
6.438153
6.441104
6.444071
6.447055
6.450055
6.453071
6.456104
6.459153
6.462219
6.465302
6.468401
6.471518
6.474651
6.477801
6.480967
6.484151
6.487352
6.490570
6.493805
6.497058
6.500327
6.503614
6.506919
6.510241
6.513580
6.516937
6.520311
6.523703
6.527112
6.530539
6.533984
6.537447
6.540927
6.544425
6.547941
6.551474
6.555026
6.558595
6.562182
6.565786
6.569409
6.573049
6.576707
6.580382
6.584075
6.587786
6.591514
6.595260
6.599024
6.602804
6.606602
6.610418
6.614250
6.618096
6.621943
6.625704
6.629465
6.633239
6.637030
6.640836
6.644658
6.648495
6.652348
6.656216
6.660099
6.663997
6.667910
6.671838
6.675780
6.679737
6.683707
6.687691
6.691689
6.695701
6.699725
6.703763
6.707813
6.711876
6.715951
6.720038
6.724137
6.728247
6.732368
6.736501
6.740644
6.744798
6.748962
6.753135
6.757319
6.761512
6.765714
6.769925
6.774145
6.778374
6.782611
6.786857
6.791110
6.795372
6.799643
6.803922
6.808209
6.812504
6.816809
6.821123
6.825447
6.829781
6.834126
6.838484
6.842854
6.847239
6.851640
6.856058
6.860497
6.864957
6.869442
6.873955
6.878499
6.883079
6.887698
6.892362
6.897076
6.901847
6.906681
6.911587
6.916573
6.921647
6.926821
6.932106
6.937513
6.943056
6.948749
6.954607
6.960647
6.966885
6.973341
6.980032
6.986980
6.994206
7.001731
7.009578
7.017769
7.026329
7.035281
7.044650
7.054458
7.064730
7.075489
7.086759
7.098561
7.110916
7.123846
7.137368
7.151501
7.166263
7.181698
7.198251
7.215520
7.233488
7.252157
7.271535
7.291622
7.312421
7.333929
7.356144
7.379062
7.402677
7.426980
7.451962
7.477608
7.503899
7.530805
7.558284
7.586277
7.614704
7.643458
7.672405
7.701387
7.730227
7.758747
7.786785
7.814235
7.841080
7.867427
7.893443
7.919113
7.943869
7.966528
7.985819
8.001570
8.014160
8.024046
8.031726
8.037676
8.042352
8.046064
8.049002
8.051296
8.052878
8.053940
8.054648
8.055116
8.055423
8.055633
8.055783
8.055896
8.055985
8.056058
8.056120
8.056176
8.056227
8.056276
8.056324
8.056374
8.056425
8.056480
8.056539
8.056605
8.056678
8.056760
8.056854
8.056959
8.057081
8.057219
8.057379
8.057563
8.057775
8.058020
8.058303
8.058632
8.059012
8.059453
8.059960
8.060537
8.061179
8.061866
8.062566
8.063241
8.063862
8.064414
8.064892
8.065297
8.065631
8.065895
8.066085
8.066197
8.066221
8.066140
8.065931
8.065559
8.064968
8.064065
8.062679
8.060439
8.056254
