6.134304
6.134271
6.134227
6.134177
6.134133
6.134098
6.134069
6.134042
6.134017
6.133994
6.133971
6.133950
6.133929
6.133908
6.133888
6.133869
6.133849
6.133831
6.133813
6.133795
6.133778
6.133761
6.133745
6.133729
6.133714
6.133699
6.133684
6.133670
6.133656
6.133643
6.133630
6.133617
6.133605
6.133593
6.133581
6.133570
6.133559
6.133549
6.133539
6.133529
6.133520
6.133511
6.133502
6.133494
6.133486
6.133479
6.133471
6.133465
6.133458
6.133452
6.133446
6.133441
6.133436
6.133432
6.133428
6.133425
6.133422
6.133420
6.133418
6.133417
6.133417
6.133417
6.133419
6.133421
6.133425
6.133430
6.133436
6.133443
6.133452
6.133461
6.133472
6.133485
6.133498
6.133513
6.133529
6.133547
6.133566
6.133589
6.133616
6.133645
6.133676
6.133710
6.133747
6.133786
6.133828
6.133872
6.133919
6.133969
6.134022
6.134078
6.134137
6.134199
6.134264
6.134332
6.134403
6.134478
6.134556
6.134638
6.134723
6.134811
6.134904
6.134999
6.135099
6.135203
6.135310
6.135422
6.135537
6.135657
6.135781
6.135909
6.136041
6.136178
6.136320
6.136466
6.136617
6.136773
6.136934
6.137099
6.137270
6.137446
6.137627
6.137813
6.138005
6.138202
6.138405
6.138614
6.138829
6.139049
6.139275
6.139508
6.139747
6.139992
6.140243
6.140502
6.140766
6.141038
6.141316
6.141601
6.141894
6.142193
6.142500
6.142814
6.143136
6.143465
6.143802
6.144148
6.144501
6.144862
6.145232
6.145610
6.145997
6.146392
6.146797
6.147210
6.147633
6.148066
6.148508
6.148960
6.149423
6.149893
6.150372
6.150859
6.151356
6.151862
6.152377
6.152901
6.153435
6.153979
6.154533
6.155097
6.155672
6.156258
6.156855
6.157467
6.158095
6.158746
6.159430
6.160171
6.160963
6.161787
6.162633
6.163499
6.164383
6.165284
6.166201
6.167134
6.168083
6.169049
6.170031
6.171029
6.172044
6.173076
6.174124
6.175189
6.176272
6.177371
6.178487
6.179621
6.180773
6.181942
6.183129
6.184333
6.185555
6.186795
6.188053
6.189328
6.190621
6.191931
6.193260
6.194606
6.195970
6.197352
6.198752
6.200169
6.201605
6.203058
6.204528
6.206017
6.207523
6.209047
6.210588
6.212147
6.213723
6.215317
6.216929
6.218557
6.220203
6.221867
6.223547
6.225245
6.226960
6.228692
6.230442
6.232208
6.233991
6.235792
6.237609
6.239443
6.241294
6.243162
6.245046
6.246948
6.248866
6.250801
6.252753
6.254721
6.256706
6.258708
6.260727
6.262762
6.264814
6.266882
6.268968
6.271070
6.273188
6.275324
6.277475
6.279644
6.281829
6.284031
6.286250
6.288485
6.290737
6.293005
6.295291
6.297593
6.299911
6.302247
6.304599
6.306968
6.309353
6.311756
6.314175
6.316610
6.319061
6.321521
6.323958
6.326272
6.328547
6.330824
6.333114
6.335419
6.337739
6.340074
6.342424
6.344790
6.347171
6.349567
6.351979
6.354406
6.356848
6.359305
6.361778
6.364266
6.366770
6.369289
6.371823
6.374373
6.376939
6.379520
6.382117
6.384729
6.387357
6.390001
6.392660
6.395335
6.398025
6.400732
6.403454
6.406192
6.408945
6.411715
6.414500
6.417302
6.420119
6.422952
6.425801
6.428666
6.431547
6.434444
6.437357
6.440287
6.443232
6.446194
6.449171
6.452165
6.455175
6.458202
6.461245
6.464304
6.467379
6.470471
6.473579
6.476703
6.479844
6.483002
6.486175
6.489366
6.492572
6.495796
6.499035
6.502292
6.505565
6.508854
6.512160
6.515482
6.518821
6.522176
6.525548
6.528937
6.532342
6.535763
6.539201
6.542655
6.546126
6.549613
6.553116
6.556636
6.560172
6.563724
6.567293
6.570878
6.574478
6.578095
6.581728
6.585377
6.589041
6.592722
6.596418
6.600129
6.603857
6.607599
6.611357
6.615131
6.618919
6.622719
6.626516
6.630230
6.633942
6.637664
6.641401
6.645151
6.648916
6.652694
6.656486
6.660292
6.664112
6.667945
6.671792
6.675653
6.679528
6.683416
6.687318
6.691233
6.695163
6.699106
6.703063
6.707034
6.711020
6.715020
6.719035
6.723065
6.727111
6.731172
6.735250
6.739345
6.743457
6.747588
6.751737
6.755907
6.760097
6.764309
6.768544
6.772804
6.777090
6.781403
6.785745
6.790119
6.794526
6.798968
6.803449
6.807970
6.812535
6.817147
6.821810
6.826526
6.831300
6.836137
6.841040
6.846015
6.851068
6.856202
6.861426
6.866745
6.872166
6.877697
6.883345
6.889119
6.895029
6.901083
6.907292
6.913667
6.920219
6.926962
6.933908
6.941071
6.948465
6.956108
6.964014
6.972201
6.980687
6.989491
6.998631
7.008128
7.018001
7.028269
7.038954
7.050073
7.061643
7.073682
7.086200
7.099207
7.112705
7.126691
7.141152
7.156066
7.171398
7.187103
7.203130
7.219423
7.235938
7.252658
7.269617
7.286907
7.304660
7.322948
7.341661
7.360607
7.378940
7.396145
7.411911
7.426097
7.438680
7.449712
7.459270
7.467517
7.474693
7.480973
7.486503
7.491401
7.495445
7.498684
7.501274
7.503320
7.504907
7.506103
7.506969
7.507556
7.507922
7.508130
7.508234
7.508273
7.508269
7.508237
7.508186
7.508119
7.508051
7.507934
7.507883
7.507719
7.507654
7.507497
7.507416
7.507274
7.507092
7.507013
7.506800
7.506706
7.506600
7.506396
7.506231
7.506131
7.506017
7.505870
7.505707
7.505570
7.505440
7.505302
7.505165
7.505032
7.504917
7.504816
7.504690
7.504548
7.504387
7.504266
7.504172
7.504091
7.503995
7.503882
7.503768
7.503684
7.503610
7.503541
7.503475
7.503420
7.503377
7.503347
7.503330
7.503331
7.503352
7.503397
7.503472
7.503583
7.503737
7.503944
7.504212
7.504551
7.504970
7.505480
7.506088
7.506803
7.507632
7.508582
7.509648
7.510825
7.512122
7.513401
7.514457
7.515042
7.515234
7.515126
7.514679
7.513737
7.511927
7.508143
