6.133606
6.133574
6.133529
6.133480
6.133436
6.133401
6.133371
6.133344
6.133319
6.133295
6.133272
6.133250
6.133228
6.133207
6.133186
6.133165
6.133145
6.133126
6.133106
6.133088
6.133069
6.133051
6.133034
6.133016
6.132999
6.132983
6.132967
6.132951
6.132936
6.132921
6.132906
6.132892
6.132878
6.132864
6.132851
6.132838
6.132825
6.132813
6.132801
6.132789
6.132777
6.132766
6.132755
6.132745
6.132734
6.132724
6.132715
6.132705
6.132696
6.132687
6.132678
6.132670
6.132662
6.132654
6.132646
6.132639
6.132632
6.132625
6.132619
6.132612
6.132607
6.132601
6.132596
6.132590
6.132586
6.132581
6.132577
6.132573
6.132570
6.132567
6.132565
6.132563
6.132561
6.132560
6.132560
6.132560
6.132561
6.132564
6.132568
6.132573
6.132580
6.132589
6.132599
6.132612
6.132627
6.132644
6.132663
6.132684
6.132708
6.132734
6.132763
6.132794
6.132828
6.132864
6.132904
6.132946
6.132991
6.133039
6.133090
6.133144
6.133202
6.133263
6.133327
6.133394
6.133466
6.133540
6.133619
6.133701
6.133787
6.133877
6.133971
6.134069
6.134172
6.134279
6.134390
6.134506
6.134626
6.134752
6.134882
6.135017
6.135157
6.135302
6.135453
6.135609
6.135770
6.135938
6.136111
6.136290
6.136475
6.136666
6.136864
6.137068
6.137278
6.137496
6.137720
6.137951
6.138190
6.138435
6.138688
6.138949
6.139218
6.139494
6.139779
6.140072
6.140373
6.140683
6.141002
6.141329
6.141666
6.142012
6.142367
6.142732
6.143107
6.143493
6.143888
6.144290
6.144701
6.145121
6.145550
6.145989
6.146437
6.146895
6.147364
6.147842
6.148330
6.148829
6.149338
6.149858
6.150389
6.150931
6.151485
6.152051
6.152629
6.153223
6.153835
6.154471
6.155141
6.155874
6.156661
6.157479
6.158321
6.159183
6.160063
6.160962
6.161878
6.162812
6.163765
6.164736
6.165725
6.166733
6.167759
6.168804
6.169867
6.170949
6.172049
6.173168
6.174305
6.175460
6.176633
6.177825
6.179034
6.180261
6.181506
6.182769
6.184050
6.185347
6.186663
6.187995
6.189344
6.190711
6.192094
6.193493
6.194910
6.196343
6.197792
6.199257
6.200739
6.202236
6.203750
6.205279
6.206825
6.208386
6.209963
6.211556
6.213164
6.214788
6.216428
6.218083
6.219755
6.221442
6.223144
6.224863
6.226597
6.228347
6.230113
6.231895
6.233694
6.235508
6.237338
6.239185
6.241048
6.242927
6.244823
6.246735
6.248664
6.250610
6.252572
6.254551
6.256547
6.258560
6.260590
6.262636
6.264700
6.266781
6.268879
6.270994
6.273126
6.275275
6.277442
6.279626
6.281827
6.284045
6.286280
6.288533
6.290803
6.293090
6.295394
6.297716
6.300055
6.302411
6.304784
6.307174
6.309581
6.312005
6.314445
6.316894
6.319324
6.321621
6.323881
6.326144
6.328424
6.330719
6.333029
6.335355
6.337696
6.340053
6.342425
6.344813
6.347215
6.349633
6.352067
6.354516
6.356980
6.359459
6.361954
6.364464
6.366990
6.369531
6.372087
6.374659
6.377247
6.379850
6.382468
6.385102
6.387751
6.390416
6.393097
6.395793
6.398505
6.401232
6.403976
6.406735
6.409509
6.412300
6.415106
6.417929
6.420767
6.423621
6.426491
6.429377
6.432280
6.435198
6.438133
6.441084
6.444051
6.447034
6.450034
6.453050
6.456083
6.459133
6.462199
6.465281
6.468381
6.471497
6.474630
6.477780
6.480946
6.484130
6.487331
6.490549
6.493784
6.497037
6.500306
6.503593
6.506897
6.510219
6.513558
6.516915
6.520289
6.523681
6.527091
6.530518
6.533963
6.537425
6.540906
6.544404
6.547919
6.551453
6.555004
6.558573
6.562160
6.565765
6.569387
6.573028
6.576686
6.580361
6.584054
6.587765
6.591494
6.595240
6.599003
6.602784
6.606582
6.610397
6.614229
6.618076
6.621924
6.625684
6.629445
6.633220
6.637011
6.640817
6.644639
6.648477
6.652330
6.656198
6.660082
6.663980
6.667894
6.671822
6.675764
6.679721
6.683691
6.687676
6.691674
6.695686
6.699711
6.703749
6.707800
6.711863
6.715938
6.720026
6.724125
6.728236
6.732358
6.736491
6.740634
6.744788
6.748953
6.753127
6.757311
6.761504
6.765707
6.769918
6.774139
6.778368
6.782605
6.786851
6.791105
6.795368
6.799638
6.803917
6.808205
6.812500
6.816805
6.821119
6.825442
6.829776
6.834121
6.838478
6.842848
6.847232
6.851631
6.856049
6.860485
6.864944
6.869426
6.873937
6.878478
6.883054
6.887670
6.892330
6.897039
6.901805
6.906633
6.911532
6.916511
6.921577
6.926742
6.932017
6.937414
6.942946
6.948626
6.954471
6.960497
6.966720
6.973160
6.979834
6.986765
6.993972
7.001477
7.009304
7.017475
7.026014
7.034944
7.044290
7.054077
7.064327
7.075064
7.086312
7.098092
7.110427
7.123337
7.136841
7.150956
7.165701
7.181120
7.197656
7.214911
7.232863
7.251516
7.270874
7.290937
7.311703
7.333165
7.355313
7.378135
7.401613
7.425723
7.450438
7.475724
7.501540
7.527837
7.554560
7.581643
7.609012
7.636585
7.664271
7.691968
7.719571
7.746967
7.774041
7.800676
7.826758
7.852179
7.876844
7.900683
7.923666
7.945828
7.967303
7.988295
8.008440
8.027333
8.043482
8.055598
8.063763
8.068987
8.072325
8.074298
8.074871
8.075025
8.075062
8.075052
8.075016
8.074960
8.074889
8.074813
8.074694
8.074634
8.074461
8.074396
8.074211
8.074052
8.073913
8.073758
8.073538
8.073441
8.073167
8.072894
8.072762
8.072527
8.072285
8.071980
8.071758
8.071458
8.071177
8.070873
8.070559
8.070235
8.069899
8.069552
8.069193
8.068822
8.068439
8.068042
8.067631
8.067204
8.066759
8.066296
8.065810
8.065299
8.064759
8.064186
8.063573
8.062913
8.062196
8.061410
8.060538
8.059560
8.058443
8.057141
8.055582
8.053639
8.051074
8.047355
8.040858
