6.133299
6.133267
6.133222
6.133173
6.133129
6.133094
6.133064
6.133037
6.133012
6.132988
6.132965
6.132942
6.132920
6.132898
6.132877
6.132856
6.132836
6.132816
6.132796
6.132777
6.132758
6.132740
6.132722
6.132704
6.132687
6.132670
6.132653
6.132637
6.132621
6.132606
6.132591
6.132576
6.132561
6.132547
6.132533
6.132520
6.132506
6.132493
6.132481
6.132468
6.132456
6.132444
6.132433
6.132422
6.132411
6.132400
6.132390
6.132379
6.132370
6.132360
6.132351
6.132341
6.132333
6.132324
6.132316
6.132307
6.132300
6.132292
6.132284
6.132277
6.132270
6.132264
6.132257
6.132251
6.132245
6.132240
6.132234
6.132229
6.132225
6.132220
6.132216
6.132212
6.132209
6.132206
6.132203
6.132201
6.132199
6.132198
6.132198
6.132198
6.132200
6.132202
6.132207
6.132212
6.132220
6.132229
6.132240
6.132253
6.132268
6.132285
6.132304
6.132326
6.132350
6.132376
6.132405
6.132437
6.132471
6.132508
6.132548
6.132591
6.132637
6.132685
6.132738
6.132793
6.132851
6.132913
6.132979
6.133048
6.133121
6.133198
6.133278
6.133363
6.133451
6.133544
6.133641
6.133743
6.133849
6.133959
6.134075
6.134195
6.134320
6.134451
6.134586
6.134727
6.134874
6.135026
6.135184
6.135347
6.135517
6.135693
6.135875
6.136064
6.136259
6.136461
6.136670
6.136886
6.137110
6.137340
6.137579
6.137825
6.138079
6.138341
6.138611
6.138890
6.139178
6.139474
6.139780
6.140094
6.140418
6.140752
6.141096
6.141450
6.141814
6.142189
6.142575
6.142972
6.143377
6.143791
6.144215
6.144648
6.145091
6.145545
6.146010
6.146485
6.146970
6.147467
6.147975
6.148494
6.149025
6.149567
6.150121
6.150688
6.151269
6.151865
6.152479
6.153118
6.153791
6.154526
6.155317
6.156141
6.156988
6.157855
6.158742
6.159648
6.160573
6.161516
6.162479
6.163461
6.164461
6.165481
6.166520
6.167578
6.168654
6.169749
6.170863
6.171995
6.173146
6.174315
6.175501
6.176706
6.177928
6.179167
6.180424
6.181698
6.182988
6.184295
6.185619
6.186959
6.188315
6.189687
6.191074
6.192478
6.193896
6.195330
6.196780
6.198244
6.199724
6.201219
6.202728
6.204253
6.205792
6.207347
6.208916
6.210501
6.212101
6.213715
6.215345
6.216990
6.218650
6.220326
6.222017
6.223724
6.225446
6.227184
6.228939
6.230709
6.232495
6.234297
6.236116
6.237951
6.239803
6.241672
6.243557
6.245459
6.247378
6.249314
6.251267
6.253237
6.255224
6.257229
6.259251
6.261290
6.263347
6.265421
6.267513
6.269623
6.271749
6.273894
6.276056
6.278235
6.280433
6.282647
6.284879
6.287129
6.289396
6.291681
6.293983
6.296303
6.298640
6.300994
6.303365
6.305754
6.308160
6.310583
6.313021
6.315471
6.317902
6.320192
6.322447
6.324712
6.326991
6.329285
6.331594
6.333919
6.336259
6.338614
6.340985
6.343371
6.345772
6.348189
6.350621
6.353068
6.355531
6.358009
6.360502
6.363010
6.365534
6.368074
6.370628
6.373198
6.375784
6.378384
6.381001
6.383632
6.386280
6.388942
6.391621
6.394314
6.397024
6.399749
6.402489
6.405245
6.408017
6.410805
6.413608
6.416427
6.419262
6.422113
6.424980
6.427863
6.430762
6.433676
6.436607
6.439554
6.442518
6.445497
6.448493
6.451505
6.454534
6.457579
6.460641
6.463719
6.466814
6.469926
6.473055
6.476201
6.479364
6.482543
6.485740
6.488955
6.492186
6.495435
6.498701
6.501985
6.505286
6.508605
6.511942
6.515297
6.518669
6.522059
6.525468
6.528894
6.532338
6.535801
6.539281
6.542780
6.546297
6.549832
6.553386
6.556957
6.560547
6.564156
6.567782
6.571427
6.575090
6.578772
6.582472
6.586189
6.589926
6.593680
6.597452
6.601243
6.605051
6.608877
6.612721
6.616580
6.620441
6.624214
6.627990
6.631779
6.635585
6.639408
6.643247
6.647102
6.650974
6.654862
6.658765
6.662684
6.666619
6.670570
6.674535
6.678516
6.682511
6.686521
6.690546
6.694585
6.698637
6.702704
6.706784
6.710877
6.714984
6.719103
6.723234
6.727378
6.731533
6.735700
6.739879
6.744068
6.748268
6.752478
6.756698
6.760927
6.765166
6.769414
6.773671
6.777935
6.782208
6.786488
6.790775
6.795069
6.799370
6.803677
6.807991
6.812310
6.816634
6.820964
6.825300
6.829640
6.833986
6.838337
6.842692
6.847054
6.851421
6.855794
6.860173
6.864560
6.868955
6.873359
6.877773
6.882199
6.886638
6.891094
6.895567
6.900062
6.904581
6.909129
6.913710
6.918329
6.922992
6.927707
6.932481
6.937322
6.942242
6.947251
6.952361
6.957588
6.962946
6.968453
6.974129
6.979993
6.986069
6.992381
6.998956
7.005822
7.013009
7.020550
7.028476
7.036824
7.045628
7.054926
7.064754
7.075151
7.086153
7.097798
7.110122
7.123162
7.136979
7.151999
7.167882
7.184630
7.202268
7.220815
7.240289
7.260701
7.282061
7.304370
7.327628
7.351827
7.376955
7.402994
7.429922
7.457709
7.486320
7.515716
7.545848
7.576666
7.608108
7.640110
7.672600
7.705499
7.738726
7.772192
7.805809
7.839482
7.873113
7.906595
7.939803
7.972583
8.004741
8.036037
8.066192
8.094904
8.121847
8.146679
8.169109
8.188603
8.205415
8.220265
8.232610
8.242638
8.250632
8.257036
8.262000
8.263597
8.263609
8.263535
8.263365
8.263253
8.263145
8.262792
8.262646
8.262490
8.262118
8.261718
8.261493
8.261245
8.260822
8.260514
8.260191
8.259817
8.259432
8.259048
8.258638
8.258213
8.257778
8.257327
8.256863
8.256387
8.255899
8.255399
8.254888
8.254365
8.253832
8.253287
8.252731
8.252163
8.251582
8.250987
8.250377
8.249748
8.249098
8.248423
8.247715
8.246967
8.246165
8.245292
8.244321
8.243217
8.241943
8.240511
8.239013
8.237260
8.234975
8.231640
8.225705
8.205893
