6.148221
6.148192
6.148153
6.148110
6.148071
6.148042
6.148017
6.147995
6.147975
6.147957
6.147939
6.147923
6.147908
6.147893
6.147880
6.147867
6.147855
6.147844
6.147834
6.147824
6.147815
6.147807
6.147800
6.147794
6.147789
6.147784
6.147781
6.147778
6.147776
6.147776
6.147776
6.147777
6.147780
6.147784
6.147789
6.147795
6.147803
6.147813
6.147824
6.147837
6.147852
6.147868
6.147887
6.147907
6.147930
6.147955
6.147982
6.148012
6.148045
6.148079
6.148117
6.148157
6.148200
6.148246
6.148296
6.148348
6.148403
6.148461
6.148522
6.148587
6.148655
6.148726
6.148801
6.148878
6.148959
6.149044
6.149132
6.149223
6.149317
6.149415
6.149516
6.149620
6.149727
6.149837
6.149950
6.150067
6.150191
6.150354
6.150531
6.150714
6.150903
6.151097
6.151297
6.151502
6.151713
6.151929
6.152150
6.152377
6.152609
6.152847
6.153089
6.153337
6.153590
6.153848
6.154111
6.154379
6.154653
6.154931
6.155215
6.155503
6.155797
6.156096
6.156400
6.156709
6.157024
6.157343
6.157668
6.157999
6.158335
6.158676
6.159022
6.159374
6.159731
6.160093
6.160461
6.160835
6.161214
6.161599
6.161989
6.162385
6.162786
6.163193
6.163606
6.164025
6.164449
6.164880
6.165316
6.165758
6.166207
6.166661
6.167122
6.167588
6.168061
6.168540
6.169026
6.169517
6.170015
6.170520
6.171031
6.171548
6.172072
6.172603
6.173140
6.173684
6.174235
6.174792
6.175356
6.175927
6.176505
6.177089
6.177681
6.178280
6.178885
6.179498
6.180118
6.180745
6.181379
6.182021
6.182669
6.183325
6.183988
6.184659
6.185336
6.186021
6.186713
6.187412
6.188119
6.188832
6.189553
6.190282
6.191018
6.191764
6.192520
6.193289
6.194078
6.194898
6.195776
6.196785
6.197866
6.198980
6.200112
6.201258
6.202416
6.203586
6.204768
6.205963
6.207170
6.208389
6.209621
6.210865
6.212122
6.213392
6.214675
6.215971
6.217280
6.218603
6.219939
6.221288
6.222651
6.224027
6.225417
6.226821
6.228239
6.229671
6.231116
6.232576
6.234050
6.235539
6.237041
6.238558
6.240089
6.241635
6.243195
6.244770
6.246359
6.247963
6.249582
6.251216
6.252864
6.254527
6.256206
6.257899
6.259607
6.261331
6.263070
6.264823
6.266592
6.268377
6.270177
6.271992
6.273822
6.275668
6.277530
6.279407
6.281300
6.283209
6.285133
6.287074
6.289030
6.291002
6.292991
6.294995
6.297016
6.299053
6.301107
6.303177
6.305264
6.307367
6.309488
6.311626
6.313780
6.315952
6.318142
6.320348
6.322573
6.324816
6.327076
6.329355
6.331652
6.333968
6.336302
6.338656
6.341028
6.343420
6.345832
6.348264
6.350715
6.353187
6.355680
6.358193
6.360727
6.363281
6.365857
6.368454
6.371070
6.373699
6.376314
6.378799
6.381253
6.383712
6.386189
6.388687
6.391208
6.393751
6.396316
6.398903
6.401512
6.404143
6.406797
6.409474
6.412173
6.414895
6.417639
6.420407
6.423198
6.426013
6.428850
6.431711
6.434595
6.437503
6.440434
6.443389
6.446367
6.449369
6.452394
6.455442
6.458513
6.461608
6.464725
6.467866
6.471029
6.474215
6.477423
6.480654
6.483906
6.487180
6.490476
6.493792
6.497130
6.500488
6.503866
6.507264
6.510682
6.514118
6.517573
6.521047
6.524538
6.528046
6.531571
6.535112
6.538669
6.542241
6.545828
6.549428
6.553042
6.556669
6.560308
6.563958
6.567619
6.571291
6.574972
6.578661
6.582359
6.586065
6.589777
6.593495
6.597219
6.600947
6.604679
6.608413
6.612151
6.615889
6.619629
6.623368
6.627107
6.630844
6.634579
6.638310
6.642038
6.645761
6.649479
6.653190
6.656894
6.660591
6.664279
6.667958
6.671627
6.675285
6.678932
6.682566
6.686187
6.689794
6.693386
6.696963
6.700523
6.704064
6.707573
6.710992
6.714371
6.717729
6.721068
6.724388
6.727687
6.730966
6.734224
6.737459
6.740672
6.743863
6.747029
6.750172
6.753291
6.756385
6.759454
6.762497
6.765514
6.768505
6.771468
6.774405
6.777314
6.780194
6.783047
6.785871
6.788666
6.791432
6.794169
6.796876
6.799553
6.802200
6.804817
6.807403
6.809959
6.812484
6.814978
6.817441
6.819873
6.822274
6.824644
6.826983
6.829291
6.831567
6.833813
6.836027
6.838211
6.840364
6.842486
6.844577
6.846639
6.848670
6.850671
6.852642
6.854583
6.856496
6.858379
6.860234
6.862061
6.863859
6.865630
6.867373
6.869090
6.870780
6.872444
6.874082
6.875695
6.877283
6.878847
6.880386
6.881903
6.883396
6.884867
6.886315
6.887742
6.889148
6.890533
6.891897
6.893241
6.894566
6.895872
6.897158
6.898427
6.899677
6.900910
6.902125
6.903324
6.904505
6.905671
6.906821
6.907956
6.909076
6.910182
6.911274
6.912353
6.913420
6.914475
6.915519
6.916554
6.917581
6.918607
6.919641
6.920676
6.921710
6.922743
6.923782
6.924832
6.925904
6.927010
6.928161
6.929360
6.930595
6.931840
6.933060
6.934218
6.935290
6.936260
6.937121
6.937875
6.938526
6.939083
6.939556
6.939955
6.940289
6.940568
6.940800
6.940994
6.941156
6.941293
6.941411
6.941515
6.941608
6.941696
6.941783
6.941875
6.941979
6.942110
6.942296
6.942591
6.943095
6.943974
6.945487
6.947936
6.951692
6.957179
6.964853
6.975172
6.988545
7.005341
7.025882
7.050444
7.079266
7.112560
7.150530
7.193412
7.241620
7.296271
7.360645
7.442022
7.547347
7.672334
7.803464
7.939291
8.076080
8.211554
8.344487
8.474221
8.599811
8.718588
8.825457
8.915217
8.986273
9.041192
9.086145
9.125627
9.157009
9.180320
9.198463
9.213014
9.224957
9.234980
9.243568
9.251059
9.257696
9.263658
9.269076
9.274048
9.278654
9.282954
9.287001
9.290835
9.294492
9.298001
9.301392
9.304700
9.307963
9.311235
9.314602
9.318223
9.322524
