6.166473
6.166442
6.166398
6.166350
6.166307
6.166273
6.166244
6.166218
6.166194
6.166171
6.166148
6.166127
6.166106
6.166085
6.166065
6.166045
6.166026
6.166008
6.165989
6.165972
6.165954
6.165937
6.165920
6.165904
6.165888
6.165873
6.165858
6.165843
6.165829
6.165815
6.165801
6.165788
6.165775
6.165763
6.165750
6.165738
6.165727
6.165716
6.165705
6.165694
6.165684
6.165674
6.165664
6.165655
6.165646
6.165637
6.165628
6.165620
6.165612
6.165605
6.165598
6.165591
6.165584
6.165578
6.165572
6.165567
6.165561
6.165556
6.165552
6.165548
6.165544
6.165541
6.165538
6.165535
6.165533
6.165532
6.165531
6.165531
6.165531
6.165532
6.165534
6.165537
6.165541
6.165545
6.165551
6.165558
6.165566
6.165576
6.165589
6.165603
6.165620
6.165640
6.165663
6.165688
6.165716
6.165748
6.165783
6.165821
6.165863
6.165909
6.165959
6.166013
6.166071
6.166133
6.166200
6.166271
6.166347
6.166428
6.166514
6.166605
6.166701
6.166803
6.166910
6.167023
6.167142
6.167266
6.167397
6.167533
6.167676
6.167825
6.167981
6.168143
6.168312
6.168488
6.168671
6.168862
6.169060
6.169265
6.169476
6.169693
6.169916
6.170146
6.170384
6.170628
6.170880
6.171139
6.171407
6.171681
6.171964
6.172255
6.172554
6.172861
6.173177
6.173502
6.173834
6.174176
6.174527
6.174886
6.175255
6.175633
6.176021
6.176417
6.176824
6.177240
6.177666
6.178102
6.178548
6.179004
6.179470
6.179947
6.180434
6.180932
6.181440
6.181959
6.182489
6.183030
6.183582
6.184144
6.184718
6.185303
6.185900
6.186507
6.187126
6.187756
6.188398
6.189052
6.189717
6.190393
6.191082
6.191782
6.192493
6.193217
6.193953
6.194705
6.195476
6.196276
6.197132
6.198130
6.199190
6.200276
6.201381
6.202504
6.203644
6.204800
6.205973
6.207163
6.208369
6.209591
6.210829
6.212082
6.213351
6.214636
6.215935
6.217249
6.218577
6.219921
6.221278
6.222650
6.224035
6.225435
6.226848
6.228274
6.229715
6.231168
6.232635
6.234116
6.235609
6.237116
6.238636
6.240169
6.241715
6.243275
6.244848
6.246434
6.248034
6.249647
6.251274
6.252915
6.254569
6.256237
6.257920
6.259616
6.261327
6.263052
6.264792
6.266546
6.268315
6.270099
6.271898
6.273713
6.275543
6.277388
6.279250
6.281126
6.283019
6.284928
6.286853
6.288794
6.290752
6.292727
6.294718
6.296726
6.298751
6.300793
6.302852
6.304928
6.307022
6.309134
6.311263
6.313409
6.315574
6.317756
6.319956
6.322174
6.324410
6.326665
6.328937
6.331228
6.333537
6.335865
6.338211
6.340575
6.342958
6.345360
6.347780
6.350219
6.352676
6.355152
6.357647
6.360161
6.362693
6.365243
6.367813
6.370401
6.373007
6.375630
6.378246
6.380689
6.383118
6.385563
6.388025
6.390504
6.393000
6.395514
6.398045
6.400593
6.403159
6.405741
6.408341
6.410959
6.413593
6.416245
6.418914
6.421600
6.424303
6.427024
6.429761
6.432516
6.435288
6.438077
6.440883
6.443705
6.446545
6.449401
6.452274
6.455164
6.458070
6.460992
6.463931
6.466886
6.469857
6.472844
6.475847
6.478866
6.481901
6.484951
6.488016
6.491096
6.494192
6.497302
6.500427
6.503566
6.506720
6.509888
6.513070
6.516265
6.519474
6.522696
6.525931
6.529179
6.532440
6.535713
6.538997
6.542294
6.545602
6.548921
6.552251
6.555591
6.558942
6.562302
6.565672
6.569052
6.572440
6.575836
6.579241
6.582653
6.586073
6.589499
6.592932
6.596371
6.599816
6.603266
6.606721
6.610180
6.613643
6.617109
6.620579
6.624051
6.627525
6.631001
6.634479
6.637958
6.641438
6.644918
6.648400
6.651881
6.655364
6.658847
6.662330
6.665814
6.669299
6.672785
6.676271
6.679759
6.683247
6.686735
6.690214
6.693594
6.696965
6.700332
6.703695
6.707053
6.710405
6.713750
6.717086
6.720411
6.723724
6.727025
6.730311
6.733582
6.736836
6.740074
6.743294
6.746495
6.749677
6.752839
6.755981
6.759102
6.762203
6.765284
6.768346
6.771391
6.774423
6.777446
6.780467
6.783495
6.786539
6.789610
6.792716
6.795860
6.799040
6.802245
6.805456
6.808654
6.811816
6.814921
6.817951
6.820892
6.823733
6.826469
6.829096
6.831616
6.834034
6.836360
6.838602
6.840762
6.842826
6.844770
6.846576
6.848229
6.849723
6.851061
6.852253
6.853310
6.854244
6.855066
6.855786
6.856412
6.856948
6.857382
6.857737
6.858025
6.858257
6.858442
6.858585
6.858694
6.858774
6.858831
6.858869
6.858893
6.858908
6.858917
6.858921
6.858922
6.858921
6.858919
6.858915
6.858911
6.858906
6.858900
6.858894
6.858887
6.858881
6.858873
6.858866
6.858859
6.858850
6.858844
6.858835
6.858827
6.858820
6.858812
6.858805
6.858797
6.858790
6.858783
6.858777
6.858770
6.858764
6.858759
6.858754
6.858749
6.858745
6.858742
6.858740
6.858741
6.858745
6.858761
6.858851
6.859142
6.859789
6.860995
6.862972
6.865967
6.870262
6.876175
6.884055
6.894261
6.907148
6.923049
6.942247
6.964969
6.991382
7.021595
7.055672
7.093638
7.135477
7.181128
7.230481
7.283366
7.339560
7.398781
7.460695
7.524926
7.591058
7.658647
7.727286
7.797989
7.868757
7.939026
8.008298
8.076103
8.141997
8.205574
8.266455
8.324273
8.378654
8.429254
8.476011
8.519709
8.560114
8.595418
8.621863
8.640803
8.654134
8.663365
8.669139
8.671536
8.671902
8.671912
8.671808
8.671629
8.671517
8.671139
8.670986
8.670515
8.670312
8.669757
8.669484
8.668932
8.668609
8.668001
8.667605
8.667121
8.666563
8.666004
8.665462
8.664929
8.664345
8.663487
8.662411
8.661791
8.661187
8.659841
8.658156
8.657339
8.656512
8.654134
8.651655
8.650621
8.647434
8.644477
8.640228
8.634640
8.626625
8.613554
