6.166822
6.166791
6.166748
6.166701
6.166658
6.166624
6.166595
6.166569
6.166545
6.166522
6.166500
6.166478
6.166457
6.166437
6.166417
6.166397
6.166378
6.166359
6.166341
6.166323
6.166305
6.166288
6.166272
6.166255
6.166239
6.166224
6.166209
6.166194
6.166180
6.166165
6.166152
6.166138
6.166125
6.166113
6.166100
6.166088
6.166077
6.166065
6.166054
6.166043
6.166033
6.166023
6.166013
6.166003
6.165994
6.165985
6.165977
6.165968
6.165960
6.165953
6.165945
6.165938
6.165931
6.165925
6.165919
6.165913
6.165908
6.165902
6.165898
6.165893
6.165889
6.165885
6.165882
6.165879
6.165876
6.165874
6.165873
6.165872
6.165871
6.165871
6.165872
6.165874
6.165876
6.165879
6.165883
6.165889
6.165895
6.165903
6.165913
6.165925
6.165939
6.165955
6.165975
6.165996
6.166021
6.166049
6.166080
6.166115
6.166153
6.166195
6.166240
6.166290
6.166344
6.166402
6.166464
6.166531
6.166603
6.166680
6.166762
6.166849
6.166942
6.167039
6.167143
6.167252
6.167367
6.167488
6.167615
6.167748
6.167888
6.168034
6.168187
6.168347
6.168513
6.168687
6.168869
6.169056
6.169249
6.169449
6.169655
6.169867
6.170087
6.170314
6.170548
6.170790
6.171039
6.171296
6.171560
6.171833
6.172114
6.172403
6.172700
6.173006
6.173320
6.173643
6.173975
6.174316
6.174666
6.175025
6.175393
6.175771
6.176159
6.176556
6.176963
6.177380
6.177807
6.178244
6.178691
6.179149
6.179617
6.180096
6.180586
6.181086
6.181597
6.182119
6.182652
6.183197
6.183752
6.184319
6.184898
6.185487
6.186089
6.186701
6.187326
6.187961
6.188609
6.189268
6.189939
6.190622
6.191317
6.192023
6.192741
6.193471
6.194213
6.194969
6.195744
6.196547
6.197407
6.198418
6.199490
6.200585
6.201700
6.202832
6.203980
6.205146
6.206328
6.207526
6.208740
6.209970
6.211215
6.212476
6.213752
6.215043
6.216349
6.217668
6.219002
6.220351
6.221712
6.223088
6.224477
6.225880
6.227295
6.228724
6.230166
6.231620
6.233088
6.234568
6.236061
6.237567
6.239085
6.240617
6.242161
6.243718
6.245288
6.246872
6.248468
6.250077
6.251700
6.253336
6.254986
6.256650
6.258327
6.260019
6.261724
6.263444
6.265178
6.266927
6.268690
6.270468
6.272261
6.274070
6.275894
6.277733
6.279588
6.281459
6.283345
6.285248
6.287167
6.289102
6.291054
6.293022
6.295008
6.297010
6.299029
6.301065
6.303118
6.305189
6.307277
6.309383
6.311507
6.313649
6.315808
6.317986
6.320181
6.322395
6.324627
6.326878
6.329147
6.331434
6.333740
6.336065
6.338409
6.340771
6.343153
6.345553
6.347972
6.350410
6.352867
6.355344
6.357839
6.360354
6.362887
6.365440
6.368012
6.370604
6.373214
6.375841
6.378465
6.380895
6.383318
6.385757
6.388213
6.390687
6.393178
6.395687
6.398213
6.400756
6.403317
6.405896
6.408492
6.411106
6.413737
6.416386
6.419052
6.421736
6.424437
6.427155
6.429891
6.432644
6.435414
6.438202
6.441007
6.443829
6.446668
6.449524
6.452397
6.455287
6.458193
6.461116
6.464055
6.467011
6.469983
6.472971
6.475976
6.478996
6.482032
6.485083
6.488150
6.491232
6.494330
6.497442
6.500569
6.503711
6.506867
6.510038
6.513222
6.516420
6.519632
6.522858
6.526096
6.529347
6.532611
6.535888
6.539176
6.542477
6.545789
6.549113
6.552447
6.555793
6.559149
6.562515
6.565892
6.569277
6.572673
6.576076
6.579489
6.582909
6.586338
6.589774
6.593217
6.596666
6.600122
6.603584
6.607051
6.610522
6.613999
6.617479
6.620963
6.624450
6.627940
6.631433
6.634927
6.638423
6.641920
6.645418
6.648917
6.652416
6.655915
6.659414
6.662913
6.666412
6.669911
6.673409
6.676907
6.680405
6.683902
6.687398
6.690885
6.694262
6.697630
6.700994
6.704355
6.707712
6.711063
6.714409
6.717746
6.721075
6.724395
6.727703
6.731000
6.734283
6.737552
6.740806
6.744043
6.747263
6.750465
6.753648
6.756810
6.759950
6.763069
6.766164
6.769234
6.772281
6.775302
6.778299
6.781273
6.784225
6.787159
6.790078
6.792989
6.795898
6.798813
6.801744
6.804699
6.807689
6.810718
6.813788
6.816893
6.820020
6.823150
6.826259
6.829322
6.832317
6.835223
6.838024
6.840708
6.843265
6.845690
6.847978
6.850128
6.852140
6.854015
6.855753
6.857357
6.858830
6.860175
6.861397
6.862500
6.863490
6.864373
6.865155
6.865844
6.866446
6.866970
6.867421
6.867808
6.868138
6.868417
6.868651
6.868845
6.869002
6.869125
6.869220
6.869290
6.869331
6.869349
6.869355
6.869357
6.869358
6.869358
6.869357
6.869356
6.869355
6.869353
6.869351
6.869350
6.869348
6.869346
6.869343
6.869341
6.869339
6.869337
6.869335
6.869332
6.869330
6.869328
6.869326
6.869323
6.869321
6.869319
6.869317
6.869316
6.869314
6.869312
6.869311
6.869310
6.869309
6.869309
6.869310
6.869313
6.869328
6.869404
6.869597
6.869993
6.870689
6.871821
6.873559
6.876096
6.879640
6.884415
6.890668
6.898677
6.908756
6.921250
6.936529
6.954974
6.976969
7.002886
7.033075
7.067849
7.107485
7.152221
7.202264
7.257798
7.318982
7.385934
7.458678
7.537119
7.624204
7.715770
7.810410
7.906524
8.002620
8.097821
8.192172
8.285446
8.374284
8.453202
8.519303
8.572363
8.613242
8.644258
8.667320
8.684009
8.695676
8.703670
8.709069
8.712018
8.712310
8.712284
8.712182
8.711962
8.711855
8.711507
8.711341
8.710963
8.710723
8.710412
8.710084
8.709732
8.709356
8.708957
8.708534
8.708087
8.707617
8.707123
8.706605
8.706062
8.705493
8.704897
8.704272
8.703617
8.702928
8.702201
8.701433
8.700617
8.699745
8.698806
8.697787
8.696670
8.695431
8.694028
8.692390
8.690222
8.688159
8.681132
8.672551
