6.166540
6.166509
6.166466
6.166419
6.166377
6.166343
6.166314
6.166288
6.166264
6.166241
6.166219
6.166197
6.166176
6.166156
6.166136
6.166116
6.166097
6.166078
6.166060
6.166042
6.166024
6.166007
6.165990
6.165974
6.165958
6.165942
6.165927
6.165912
6.165898
6.165883
6.165870
6.165856
6.165843
6.165830
6.165818
6.165805
6.165794
6.165782
6.165771
6.165760
6.165749
6.165739
6.165729
6.165719
6.165710
6.165701
6.165692
6.165684
6.165675
6.165667
6.165660
6.165652
6.165645
6.165639
6.165632
6.165626
6.165620
6.165615
6.165610
6.165605
6.165601
6.165597
6.165593
6.165589
6.165587
6.165584
6.165582
6.165580
6.165579
6.165579
6.165579
6.165580
6.165581
6.165583
6.165586
6.165590
6.165595
6.165601
6.165609
6.165619
6.165631
6.165645
6.165662
6.165680
6.165702
6.165727
6.165754
6.165785
6.165819
6.165856
6.165897
6.165942
6.165991
6.166044
6.166102
6.166164
6.166230
6.166301
6.166377
6.166459
6.166545
6.166637
6.166734
6.166837
6.166946
6.167061
6.167181
6.167308
6.167442
6.167582
6.167728
6.167882
6.168042
6.168210
6.168386
6.168568
6.168755
6.168948
6.169149
6.169355
6.169569
6.169791
6.170019
6.170255
6.170499
6.170751
6.171010
6.171278
6.171554
6.171838
6.172131
6.172433
6.172743
6.173062
6.173390
6.173728
6.174074
6.174430
6.174796
6.175171
6.175556
6.175951
6.176356
6.176771
6.177197
6.177633
6.178079
6.178536
6.179003
6.179482
6.179972
6.180472
6.180984
6.181507
6.182041
6.182587
6.183144
6.183712
6.184292
6.184884
6.185488
6.186104
6.186731
6.187371
6.188022
6.188686
6.189361
6.190049
6.190749
6.191461
6.192184
6.192920
6.193668
6.194429
6.195209
6.196017
6.196881
6.197899
6.198976
6.200077
6.201197
6.202335
6.203489
6.204660
6.205848
6.207052
6.208271
6.209507
6.210758
6.212025
6.213307
6.214603
6.215914
6.217240
6.218580
6.219933
6.221301
6.222682
6.224076
6.225484
6.226905
6.228339
6.229786
6.231246
6.232718
6.234204
6.235702
6.237214
6.238738
6.240274
6.241824
6.243387
6.244963
6.246552
6.248154
6.249769
6.251398
6.253041
6.254697
6.256366
6.258050
6.259748
6.261459
6.263186
6.264926
6.266682
6.268452
6.270237
6.272038
6.273853
6.275684
6.277531
6.279393
6.281271
6.283165
6.285075
6.287001
6.288944
6.290903
6.292879
6.294872
6.296881
6.298907
6.300951
6.303011
6.305089
6.307184
6.309297
6.311427
6.313575
6.315741
6.317924
6.320125
6.322345
6.324582
6.326838
6.329112
6.331404
6.333715
6.336044
6.338391
6.340758
6.343142
6.345545
6.347967
6.350408
6.352867
6.355345
6.357842
6.360357
6.362891
6.365445
6.368017
6.370607
6.373216
6.375842
6.378465
6.380904
6.383335
6.385783
6.388247
6.390729
6.393228
6.395745
6.398279
6.400830
6.403399
6.405985
6.408588
6.411209
6.413848
6.416503
6.419177
6.421868
6.424576
6.427302
6.430045
6.432805
6.435583
6.438379
6.441192
6.444022
6.446869
6.449734
6.452615
6.455514
6.458430
6.461363
6.464313
6.467279
6.470263
6.473263
6.476279
6.479312
6.482361
6.485427
6.488509
6.491606
6.494720
6.497849
6.500993
6.504153
6.507329
6.510519
6.513724
6.516943
6.520178
6.523426
6.526688
6.529965
6.533255
6.536558
6.539875
6.543204
6.546546
6.549900
6.553266
6.556644
6.560033
6.563434
6.566845
6.570266
6.573698
6.577139
6.580590
6.584049
6.587517
6.590993
6.594477
6.597968
6.601465
6.604969
6.608479
6.611995
6.615515
6.619039
6.622568
6.626101
6.629636
6.633175
6.636716
6.640259
6.643804
6.647351
6.650900
6.654450
6.658002
6.661555
6.665110
6.668667
6.672226
6.675786
6.679349
6.682913
6.686478
6.690044
6.693601
6.697051
6.700491
6.703928
6.707363
6.710792
6.714217
6.717634
6.721044
6.724445
6.727836
6.731217
6.734588
6.737949
6.741302
6.744647
6.747987
6.751326
6.754668
6.758019
6.761385
6.764774
6.768194
6.771653
6.775157
6.778711
6.782314
6.785961
6.789637
6.793320
6.796983
6.800593
6.804120
6.807536
6.810820
6.813956
6.816937
6.819756
6.822415
6.824916
6.827264
6.829465
6.831525
6.833452
6.835253
6.836935
6.838504
6.839968
6.841330
6.842598
6.843775
6.844865
6.845874
6.846805
6.847661
6.848447
6.849163
6.849809
6.850379
6.850874
6.851297
6.851656
6.851959
6.852216
6.852419
6.852573
6.852691
6.852779
6.852844
6.852890
6.852920
6.852938
6.852948
6.852954
6.852956
6.852957
6.852957
6.852956
6.852955
6.852953
6.852950
6.852948
6.852945
6.852942
6.852939
6.852936
6.852932
6.852929
6.852926
6.852922
6.852919
6.852916
6.852912
6.852909
6.852906
6.852903
6.852901
6.852898
6.852896
6.852894
6.852893
6.852892
6.852892
6.852893
6.852898
6.852909
6.852948
6.853068
6.853287
6.853647
6.854198
6.854999
6.856127
6.857679
6.859766
6.862512
6.866043
6.870489
6.875969
6.882604
6.890514
6.899831
6.910706
6.923306
6.937811
6.954409
6.973294
6.994659
7.018701
7.045614
7.075592
7.108827
7.145511
7.185836
7.230000
7.278202
7.330634
7.387455
7.448753
7.514495
7.584520
7.660460
7.739615
7.820984
7.903471
7.985925
8.067228
8.146374
8.222536
8.295137
8.364006
8.429738
8.493477
8.553339
8.602199
8.640225
8.669008
8.690188
8.705220
8.715363
8.721679
8.725066
8.725297
8.725254
8.725147
8.724898
8.724780
8.724431
8.724213
8.723953
8.723655
8.723336
8.722995
8.722631
8.722243
8.721831
8.721395
8.720936
8.720454
8.719946
8.719415
8.718857
8.718273
8.717661
8.717019
8.716344
8.715633
8.714881
8.714084
8.713233
8.712318
8.711327
8.710242
8.709036
8.707666
8.706057
8.704048
8.701259
8.695505
8.688893
