6.166597
6.166566
6.166523
6.166476
6.166433
6.166400
6.166371
6.166345
6.166321
6.166298
6.166276
6.166255
6.166234
6.166213
6.166193
6.166174
6.166155
6.166136
6.166118
6.166101
6.166083
6.166066
6.166050
6.166034
6.166018
6.166003
6.165988
6.165973
6.165959
6.165945
6.165931
6.165918
6.165905
6.165893
6.165881
6.165869
6.165858
6.165846
6.165836
6.165825
6.165815
6.165805
6.165796
6.165786
6.165778
6.165769
6.165761
6.165753
6.165745
6.165738
6.165731
6.165724
6.165718
6.165712
6.165707
6.165702
6.165697
6.165692
6.165688
6.165685
6.165682
6.165679
6.165677
6.165675
6.165674
6.165673
6.165673
6.165674
6.165676
6.165678
6.165682
6.165686
6.165691
6.165698
6.165705
6.165714
6.165724
6.165737
6.165751
6.165768
6.165787
6.165809
6.165833
6.165860
6.165890
6.165923
6.165960
6.166000
6.166043
6.166090
6.166141
6.166195
6.166254
6.166317
6.166385
6.166456
6.166533
6.166614
6.166700
6.166791
6.166887
6.166989
6.167096
6.167208
6.167326
6.167450
6.167579
6.167715
6.167857
6.168004
6.168159
6.168319
6.168486
6.168660
6.168840
6.169027
6.169221
6.169422
6.169630
6.169846
6.170069
6.170299
6.170538
6.170785
6.171039
6.171303
6.171575
6.171854
6.172140
6.172434
6.172735
6.173045
6.173362
6.173688
6.174023
6.174367
6.174719
6.175080
6.175451
6.175831
6.176220
6.176618
6.177026
6.177444
6.177872
6.178310
6.178758
6.179216
6.179684
6.180163
6.180652
6.181152
6.181663
6.182184
6.182716
6.183260
6.183814
6.184379
6.184956
6.185544
6.186143
6.186754
6.187376
6.188010
6.188656
6.189313
6.189981
6.190662
6.191354
6.192058
6.192775
6.193504
6.194247
6.195006
6.195787
6.196598
6.197463
6.198449
6.199502
6.200584
6.201686
6.202806
6.203944
6.205099
6.206271
6.207459
6.208664
6.209885
6.211122
6.212375
6.213644
6.214928
6.216227
6.217542
6.218871
6.220214
6.221572
6.222945
6.224331
6.225732
6.227146
6.228574
6.230016
6.231471
6.232940
6.234422
6.235918
6.237427
6.238949
6.240485
6.242035
6.243597
6.245173
6.246763
6.248366
6.249983
6.251614
6.253259
6.254917
6.256590
6.258276
6.259977
6.261693
6.263423
6.265167
6.266926
6.268701
6.270490
6.272294
6.274114
6.275949
6.277800
6.279666
6.281548
6.283446
6.285360
6.287291
6.289238
6.291201
6.293181
6.295177
6.297191
6.299221
6.301269
6.303333
6.305415
6.307514
6.309631
6.311765
6.313917
6.316087
6.318274
6.320479
6.322703
6.324944
6.327203
6.329481
6.331777
6.334091
6.336423
6.338774
6.341143
6.343530
6.345936
6.348360
6.350803
6.353264
6.355744
6.358242
6.360759
6.363294
6.365848
6.368420
6.371011
6.373619
6.376241
6.378853
6.381310
6.383745
6.386194
6.388658
6.391140
6.393639
6.396155
6.398688
6.401239
6.403806
6.406390
6.408992
6.411610
6.414246
6.416899
6.419569
6.422256
6.424961
6.427682
6.430421
6.433177
6.435950
6.438740
6.441547
6.444371
6.447211
6.450069
6.452943
6.455835
6.458742
6.461667
6.464608
6.467565
6.470538
6.473528
6.476534
6.479556
6.482594
6.485648
6.488717
6.491802
6.494902
6.498018
6.501148
6.504294
6.507454
6.510628
6.513817
6.517020
6.520237
6.523468
6.526712
6.529970
6.533240
6.536523
6.539819
6.543127
6.546448
6.549780
6.553123
6.556477
6.559842
6.563218
6.566604
6.569999
6.573404
6.576819
6.580241
6.583672
6.587111
6.590558
6.594011
6.597471
6.600937
6.604410
6.607887
6.611370
6.614857
6.618349
6.621845
6.625345
6.628849
6.632356
6.635867
6.639382
6.642901
6.646423
6.649951
6.653482
6.657019
6.660562
6.664110
6.667665
6.671225
6.674792
6.678366
6.681945
6.685528
6.689115
6.692694
6.696174
6.699642
6.703107
6.706567
6.710021
6.713465
6.716899
6.720320
6.723726
6.727116
6.730488
6.733843
6.737179
6.740496
6.743794
6.747075
6.750338
6.753586
6.756820
6.760044
6.763260
6.766471
6.769682
6.772895
6.776116
6.779345
6.782584
6.785832
6.789085
6.792338
6.795584
6.798813
6.802016
6.805187
6.808317
6.811401
6.814435
6.817417
6.820345
6.823216
6.826031
6.828788
6.831485
6.834122
6.836695
6.839204
6.841646
6.844020
6.846323
6.848555
6.850716
6.852808
6.854832
6.856790
6.858684
6.860517
6.862292
6.864011
6.865679
6.867300
6.868879
6.870418
6.871925
6.873402
6.874856
6.876292
6.877713
6.879127
6.880538
6.881951
6.883374
6.884813
6.886274
6.887765
6.889296
6.890876
6.892517
6.894231
6.896032
6.897936
6.899961
6.902126
6.904451
6.906957
6.909666
6.912597
6.915773
6.919211
6.922928
6.926939
6.931258
6.935894
6.940856
6.946150
6.951781
6.957755
6.964080
6.970771
6.977839
6.985294
6.993149
7.001406
7.010067
7.019137
7.028618
7.038515
7.048831
7.059569
7.070732
7.082323
7.094344
7.106799
7.119692
7.133026
7.146807
7.161041
7.175734
7.190894
7.206532
7.222657
7.239285
7.256430
7.274109
7.292344
7.311158
7.330578
7.350633
7.371359
7.392792
7.414975
7.437957
7.461787
7.486521
7.512222
7.538951
7.566776
7.595765
7.625985
7.657505
7.690410
7.724973
7.761022
7.798525
7.837440
7.877681
7.919105
7.961500
8.004581
8.047996
8.091344
8.134231
8.176294
8.217098
8.255778
8.290281
8.319702
8.344351
8.364916
8.382025
8.396158
8.407793
8.417417
8.425380
8.431972
8.436467
8.439206
8.440268
8.440410
8.440335
8.440162
8.440021
8.439657
8.439453
8.439022
8.438720
8.438358
8.437942
8.437511
8.437047
8.436547
8.436012
8.435438
8.434823
8.434166
8.433462
8.432705
8.431891
8.431010
8.430053
8.429011
8.427887
8.426699
8.424735
8.423355
8.420650
8.416640
8.414516
8.406537
8.395572
