6.133606
6.133574
6.133529
6.133480
6.133436
6.133401
6.133371
6.133344
6.133319
6.133295
6.133272
6.133250
6.133228
6.133207
6.133186
6.133165
6.133145
6.133126
6.133106
6.133088
6.133069
6.133051
6.133034
6.133016
6.132999
6.132983
6.132967
6.132951
6.132936
6.132921
6.132906
6.132892
6.132878
6.132864
6.132851
6.132838
6.132825
6.132813
6.132801
6.132789
6.132777
6.132766
6.132755
6.132745
6.132734
6.132724
6.132715
6.132705
6.132696
6.132687
6.132678
6.132670
6.132662
6.132654
6.132646
6.132639
6.132632
6.132625
6.132619
6.132613
6.132607
6.132601
6.132596
6.132591
6.132586
6.132582
6.132578
6.132574
6.132570
6.132568
6.132565
6.132563
6.132562
6.132561
6.132561
6.132561
6.132562
6.132565
6.132569
6.132574
6.132582
6.132591
6.132602
6.132614
6.132629
6.132646
6.132666
6.132687
6.132711
6.132738
6.132767
6.132798
6.132832
6.132869
6.132908
6.132951
6.132996
6.133044
6.133096
6.133150
6.133208
6.133269
6.133333
6.133401
6.133472
6.133547
6.133626
6.133708
6.133794
6.133885
6.133979
6.134077
6.134180
6.134287
6.134399
6.134515
6.134635
6.134761
6.134891
6.135026
6.135167
6.135312
6.135463
6.135619
6.135781
6.135949
6.136122
6.136301
6.136486
6.136678
6.136876
6.137080
6.137291
6.137508
6.137732
6.137964
6.138202
6.138448
6.138701
6.138962
6.139231
6.139507
6.139792
6.140085
6.140386
6.140696
6.141014
6.141342
6.141678
6.142024
6.142379
6.142743
6.143117
6.143502
6.143897
6.144302
6.144714
6.145135
6.145566
6.146005
6.146454
6.146913
6.147382
6.147861
6.148350
6.148850
6.149360
6.149880
6.150412
6.150955
6.151509
6.152076
6.152656
6.153250
6.153863
6.154500
6.155170
6.155902
6.156688
6.157507
6.158348
6.159208
6.160088
6.160986
6.161902
6.162836
6.163788
6.164759
6.165747
6.166755
6.167781
6.168825
6.169888
6.170969
6.172069
6.173187
6.174324
6.175479
6.176652
6.177843
6.179052
6.180279
6.181524
6.182786
6.184067
6.185364
6.186679
6.188011
6.189361
6.190727
6.192110
6.193509
6.194926
6.196358
6.197808
6.199273
6.200754
6.202252
6.203766
6.205295
6.206841
6.208402
6.209979
6.211572
6.213180
6.214804
6.216444
6.218100
6.219771
6.221458
6.223161
6.224880
6.226614
6.228364
6.230131
6.231913
6.233711
6.235526
6.237356
6.239203
6.241066
6.242946
6.244842
6.246754
6.248683
6.250629
6.252592
6.254571
6.256567
6.258580
6.260609
6.262656
6.264720
6.266801
6.268899
6.271014
6.273146
6.275296
6.277462
6.279646
6.281847
6.284066
6.286301
6.288554
6.290824
6.293111
6.295416
6.297737
6.300076
6.302432
6.304805
6.307195
6.309602
6.312026
6.314466
6.316916
6.319347
6.321641
6.323900
6.326166
6.328446
6.330741
6.333052
6.335377
6.337719
6.340075
6.342447
6.344835
6.347237
6.349655
6.352089
6.354538
6.357002
6.359481
6.361976
6.364486
6.367012
6.369553
6.372110
6.374682
6.377269
6.379872
6.382490
6.385124
6.387774
6.390439
6.393119
6.395816
6.398528
6.401255
6.403998
6.406757
6.409532
6.412323
6.415129
6.417952
6.420790
6.423644
6.426514
6.429401
6.432303
6.435222
6.438156
6.441107
6.444074
6.447058
6.450058
6.453074
6.456107
6.459157
6.462223
6.465305
6.468405
6.471521
6.474654
6.477804
6.480971
6.484155
6.487356
6.490574
6.493809
6.497061
6.500331
6.503618
6.506922
6.510244
6.513583
6.516940
6.520314
6.523706
6.527116
6.530543
6.533988
6.537450
6.540931
6.544429
6.547944
6.551478
6.555029
6.558598
6.562185
6.565790
6.569412
6.573052
6.576710
6.580386
6.584079
6.587790
6.591518
6.595264
6.599027
6.602808
6.606606
6.610421
6.614253
6.618099
6.621946
6.625707
6.629468
6.633243
6.637033
6.640839
6.644661
6.648498
6.652351
6.656219
6.660102
6.664000
6.667913
6.671841
6.675783
6.679739
6.683710
6.687694
6.691692
6.695703
6.699727
6.703765
6.707815
6.711878
6.715953
6.720040
6.724139
6.728249
6.732370
6.736503
6.740646
6.744799
6.748963
6.753137
6.757320
6.761513
6.765715
6.769926
6.774146
6.778375
6.782612
6.786857
6.791111
6.795373
6.799644
6.803922
6.808209
6.812505
6.816810
6.821124
6.825448
6.829782
6.834127
6.838485
6.842855
6.847240
6.851641
6.856060
6.860499
6.864959
6.869445
6.873958
6.878503
6.883083
6.887702
6.892367
6.897082
6.901854
6.906689
6.911596
6.916583
6.921659
6.926834
6.932120
6.937529
6.943074
6.948769
6.954630
6.960672
6.966913
6.973371
6.980065
6.987016
6.994245
7.001773
7.009623
7.017818
7.026381
7.035337
7.044709
7.054521
7.064796
7.075560
7.086833
7.098638
7.110998
7.123931
7.137457
7.151594
7.166360
7.181800
7.198357
7.215633
7.233607
7.252284
7.271668
7.291762
7.312565
7.334072
7.356276
7.379165
7.402725
7.426934
7.451766
7.477188
7.503159
7.529631
7.556545
7.583833
7.611418
7.639210
7.667113
7.695021
7.722824
7.750415
7.777702
7.804622
7.831172
7.857448
7.883666
7.910096
7.936700
7.962407
7.985085
8.003482
8.017716
8.028356
8.036153
8.041857
8.046086
8.049187
8.051378
8.052612
8.053211
8.053504
8.053663
8.053758
8.053816
8.053853
8.053877
8.053892
8.053902
8.053908
8.053911
8.053914
8.053916
8.053920
8.053924
8.053932
8.053943
8.053958
8.053979
8.054008
8.054044
8.054092
8.054151
8.054226
8.054319
8.054435
8.054576
8.054749
8.054960
8.055218
8.055531
8.055912
8.056376
8.056944
8.057644
8.058509
8.059581
8.060895
8.062463
8.064260
8.066235
8.068335
8.070517
8.072754
8.075028
8.077326
8.079635
8.081944
8.084230
8.086478
8.088666
8.090771
8.092770
8.094638
8.096350
8.097852
8.098879
