6.133606
6.133574
6.133529
6.133480
6.133436
6.133401
6.133371
6.133344
6.133319
6.133295
6.133272
6.133250
6.133228
6.133207
6.133186
6.133165
6.133145
6.133126
6.133106
6.133088
6.133069
6.133051
6.133034
6.133016
6.132999
6.132983
6.132967
6.132951
6.132936
6.132921
6.132906
6.132892
6.132878
6.132864
6.132851
6.132838
6.132825
6.132813
6.132801
6.132789
6.132777
6.132766
6.132755
6.132745
6.132734
6.132724
6.132715
6.132705
6.132696
6.132687
6.132678
6.132670
6.132662
6.132654
6.132646
6.132639
6.132632
6.132625
6.132619
6.132613
6.132607
6.132601
6.132596
6.132591
6.132586
6.132582
6.132577
6.132574
6.132570
6.132568
6.132565
6.132563
6.132562
6.132561
6.132561
6.132561
6.132562
6.132565
6.132569
6.132574
6.132582
6.132591
6.132602
6.132614
6.132629
6.132647
6.132666
6.132687
6.132711
6.132738
6.132767
6.132798
6.132832
6.132869
6.132908
6.132951
6.132996
6.133044
6.133096
6.133150
6.133208
6.133269
6.133333
6.133401
6.133472
6.133547
6.133626
6.133708
6.133794
6.133885
6.133979
6.134077
6.134180
6.134287
6.134399
6.134515
6.134635
6.134761
6.134891
6.135026
6.135167
6.135312
6.135463
6.135619
6.135781
6.135949
6.136122
6.136301
6.136486
6.136678
6.136876
6.137080
6.137291
6.137508
6.137732
6.137964
6.138202
6.138448
6.138701
6.138962
6.139231
6.139507
6.139792
6.140085
6.140386
6.140695
6.141014
6.141341
6.141678
6.142023
6.142378
6.142743
6.143117
6.143502
6.143898
6.144302
6.144714
6.145135
6.145565
6.146005
6.146454
6.146913
6.147382
6.147861
6.148350
6.148850
6.149360
6.149881
6.150412
6.150955
6.151509
6.152076
6.152656
6.153251
6.153863
6.154500
6.155170
6.155902
6.156688
6.157507
6.158348
6.159209
6.160088
6.160986
6.161902
6.162835
6.163787
6.164758
6.165747
6.166754
6.167780
6.168824
6.169887
6.170969
6.172069
6.173187
6.174323
6.175478
6.176651
6.177842
6.179052
6.180279
6.181524
6.182786
6.184066
6.185364
6.186679
6.188011
6.189360
6.190726
6.192109
6.193509
6.194925
6.196358
6.197807
6.199273
6.200754
6.202252
6.203765
6.205295
6.206840
6.208402
6.209979
6.211571
6.213180
6.214804
6.216444
6.218100
6.219771
6.221458
6.223161
6.224879
6.226614
6.228364
6.230131
6.231913
6.233711
6.235526
6.237356
6.239203
6.241066
6.242946
6.244842
6.246754
6.248683
6.250629
6.252591
6.254571
6.256567
6.258579
6.260609
6.262656
6.264720
6.266801
6.268899
6.271014
6.273146
6.275296
6.277462
6.279646
6.281847
6.284065
6.286301
6.288554
6.290824
6.293111
6.295415
6.297737
6.300076
6.302432
6.304805
6.307195
6.309602
6.312026
6.314466
6.316916
6.319347
6.321642
6.323900
6.326165
6.328445
6.330741
6.333051
6.335377
6.337718
6.340075
6.342447
6.344835
6.347237
6.349655
6.352089
6.354537
6.357002
6.359481
6.361976
6.364486
6.367012
6.369553
6.372109
6.374681
6.377269
6.379872
6.382490
6.385124
6.387774
6.390439
6.393119
6.395815
6.398527
6.401255
6.403998
6.406757
6.409532
6.412323
6.415129
6.417951
6.420790
6.423644
6.426514
6.429400
6.432303
6.435221
6.438156
6.441107
6.444074
6.447058
6.450058
6.453074
6.456107
6.459156
6.462222
6.465305
6.468405
6.471521
6.474654
6.477804
6.480971
6.484154
6.487355
6.490573
6.493809
6.497061
6.500331
6.503618
6.506922
6.510244
6.513583
6.516940
6.520314
6.523706
6.527116
6.530543
6.533988
6.537450
6.540930
6.544428
6.547944
6.551478
6.555029
6.558598
6.562185
6.565790
6.569412
6.573052
6.576710
6.580385
6.584079
6.587789
6.591518
6.595263
6.599027
6.602807
6.606605
6.610421
6.614253
6.618099
6.621946
6.625707
6.629468
6.633242
6.637033
6.640839
6.644660
6.648498
6.652350
6.656219
6.660102
6.664000
6.667913
6.671841
6.675783
6.679739
6.683709
6.687694
6.691691
6.695703
6.699727
6.703765
6.707815
6.711878
6.715953
6.720040
6.724138
6.728249
6.732370
6.736502
6.740646
6.744799
6.748963
6.753137
6.757320
6.761513
6.765715
6.769926
6.774146
6.778375
6.782612
6.786857
6.791111
6.795373
6.799644
6.803922
6.808209
6.812505
6.816810
6.821124
6.825448
6.829782
6.834127
6.838485
6.842855
6.847240
6.851641
6.856060
6.860498
6.864959
6.869444
6.873958
6.878502
6.883082
6.887702
6.892367
6.897082
6.901853
6.906689
6.911596
6.916582
6.921658
6.926833
6.932119
6.937528
6.943073
6.948768
6.954628
6.960670
6.966910
6.973368
6.980062
6.987013
6.994242
7.001770
7.009619
7.017814
7.026377
7.035333
7.044704
7.054516
7.064791
7.075554
7.086827
7.098632
7.110990
7.123922
7.137448
7.151583
7.166347
7.181783
7.198336
7.215605
7.233569
7.252234
7.271602
7.291674
7.312447
7.333918
7.356076
7.378911
7.402406
7.426540
7.451289
7.476623
7.502504
7.528891
7.555732
7.582970
7.610538
7.638364
7.666367
7.694469
7.722591
7.750673
7.778682
7.806633
7.834594
7.862657
7.890794
7.918575
7.944964
7.968613
7.988228
8.003990
8.016344
8.025855
8.033090
8.038570
8.042744
8.045929
8.048308
8.050003
8.050987
8.051506
8.051786
8.051939
8.052031
8.052090
8.052130
8.052158
8.052179
8.052195
8.052208
8.052219
8.052229
8.052239
8.052250
8.052262
8.052277
8.052294
8.052315
8.052341
8.052373
8.052411
8.052458
8.052514
8.052582
8.052664
8.052761
8.052878
8.053017
8.053183
8.053380
8.053613
8.053888
8.054213
8.054595
8.055045
8.055585
8.056241
8.057119
8.058581
8.059802
8.060415
8.060837
8.061164
8.061418
8.061609
8.061738
8.061802
8.061793
8.061698
8.061498
8.061167
8.060659
8.059904
8.058768
8.056966
8.053654
