6.166741
6.166710
6.166668
6.166621
6.166578
6.166545
6.166516
6.166490
6.166466
6.166443
6.166421
6.166400
6.166379
6.166358
6.166338
6.166319
6.166300
6.166281
6.166263
6.166245
6.166227
6.166210
6.166194
6.166177
6.166162
6.166146
6.166131
6.166116
6.166102
6.166088
6.166074
6.166061
6.166048
6.166035
6.166023
6.166011
6.165999
6.165988
6.165977
6.165966
6.165955
6.165945
6.165936
6.165926
6.165917
6.165908
6.165899
6.165891
6.165883
6.165876
6.165868
6.165861
6.165854
6.165848
6.165842
6.165836
6.165831
6.165826
6.165821
6.165816
6.165812
6.165809
6.165805
6.165803
6.165800
6.165798
6.165797
6.165796
6.165795
6.165796
6.165797
6.165798
6.165801
6.165804
6.165808
6.165813
6.165820
6.165827
6.165837
6.165849
6.165863
6.165879
6.165898
6.165919
6.165943
6.165971
6.166001
6.166035
6.166072
6.166113
6.166157
6.166206
6.166259
6.166316
6.166377
6.166444
6.166514
6.166590
6.166671
6.166757
6.166848
6.166945
6.167048
6.167156
6.167270
6.167390
6.167517
6.167649
6.167788
6.167934
6.168086
6.168246
6.168412
6.168586
6.168768
6.168954
6.169147
6.169346
6.169552
6.169765
6.169985
6.170212
6.170446
6.170688
6.170938
6.171196
6.171461
6.171735
6.172017
6.172307
6.172606
6.172913
6.173230
6.173555
6.173889
6.174232
6.174585
6.174947
6.175319
6.175700
6.176092
6.176493
6.176904
6.177325
6.177757
6.178199
6.178652
6.179115
6.179589
6.180074
6.180570
6.181078
6.181596
6.182126
6.182668
6.183221
6.183785
6.184362
6.184950
6.185550
6.186162
6.186786
6.187422
6.188070
6.188730
6.189402
6.190087
6.190785
6.191495
6.192217
6.192953
6.193700
6.194460
6.195234
6.196027
6.196850
6.197728
6.198757
6.199845
6.200957
6.202089
6.203238
6.204405
6.205589
6.206791
6.208009
6.209245
6.210497
6.211765
6.213049
6.214349
6.215665
6.216996
6.218343
6.219705
6.221081
6.222472
6.223878
6.225297
6.226731
6.228179
6.229641
6.231116
6.232606
6.234108
6.235625
6.237154
6.238698
6.240254
6.241825
6.243408
6.245005
6.246616
6.248240
6.249878
6.251529
6.253194
6.254873
6.256566
6.258273
6.259994
6.261729
6.263478
6.265242
6.267020
6.268813
6.270620
6.272443
6.274280
6.276132
6.278000
6.279883
6.281781
6.283695
6.285624
6.287569
6.289530
6.291507
6.293500
6.295509
6.297533
6.299574
6.301632
6.303705
6.305796
6.307902
6.310025
6.312165
6.314321
6.316494
6.318684
6.320891
6.323114
6.325355
6.327612
6.329887
6.332178
6.334486
6.336812
6.339154
6.341514
6.343891
6.346284
6.348695
6.351123
6.353568
6.356030
6.358510
6.361006
6.363519
6.366050
6.368597
6.371162
6.373743
6.376341
6.378955
6.381564
6.384014
6.386460
6.388919
6.391395
6.393886
6.396393
6.398916
6.401455
6.404010
6.406581
6.409168
6.411771
6.414390
6.417025
6.419676
6.422344
6.425027
6.427727
6.430442
6.433174
6.435922
6.438686
6.441467
6.444263
6.447075
6.449904
6.452748
6.455608
6.458485
6.461377
6.464284
6.467208
6.470147
6.473102
6.476073
6.479058
6.482059
6.485075
6.488107
6.491153
6.494214
6.497290
6.500380
6.503485
6.506604
6.509737
6.512884
6.516045
6.519219
6.522407
6.525608
6.528822
6.532048
6.535287
6.538539
6.541802
6.545077
6.548364
6.551662
6.554971
6.558290
6.561620
6.564960
6.568309
6.571668
6.575036
6.578412
6.581797
6.585190
6.588590
6.591996
6.595410
6.598830
6.602255
6.605686
6.609121
6.612561
6.616005
6.619453
6.622903
6.626357
6.629812
6.633270
6.636729
6.640190
6.643652
6.647115
6.650579
6.654044
6.657510
6.660978
6.664446
6.667917
6.671389
6.674862
6.678338
6.681815
6.685294
6.688774
6.692247
6.695629
6.699003
6.702377
6.705750
6.709123
6.712496
6.715869
6.719245
6.722626
6.726015
6.729418
6.732841
6.736292
6.739782
6.743321
6.746920
6.750590
6.754339
6.758170
6.762082
6.766062
6.770091
6.774140
6.778176
6.782167
6.786081
6.789893
6.793583
6.797137
6.800547
6.803806
6.806913
6.809870
6.812679
6.815345
6.817872
6.820266
6.822533
6.824679
6.826710
6.828633
6.830452
6.832174
6.833803
6.835344
6.836802
6.838180
6.839483
6.840715
6.841878
6.842977
6.844016
6.844994
6.845912
6.846763
6.847544
6.848251
6.848887
6.849455
6.849960
6.850410
6.850810
6.851137
6.851409
6.851636
6.851825
6.851980
6.852108
6.852210
6.852291
6.852354
6.852402
6.852436
6.852460
6.852475
6.852485
6.852491
6.852493
6.852494
6.852494
6.852492
6.852490
6.852487
6.852483
6.852479
6.852475
6.852471
6.852466
6.852461
6.852456
6.852451
6.852446
6.852440
6.852435
6.852430
6.852425
6.852419
6.852414
6.852410
6.852405
6.852401
6.852396
6.852392
6.852389
6.852386
6.852383
6.852381
6.852380
6.852380
6.852383
6.852390
6.852414
6.852515
6.852729
6.853116
6.853758
6.854753
6.856226
6.858335
6.861275
6.865280
6.870618
6.877593
6.886525
6.897742
6.911560
6.928275
6.948171
6.971527
6.998621
7.029720
7.065059
7.104820
7.149113
7.197970
7.251339
7.309088
7.371017
7.436870
7.506408
7.581722
7.660170
7.741286
7.824586
7.909477
7.995204
8.080843
8.165347
8.247654
8.326770
8.401735
8.471486
8.534989
8.589061
8.633406
8.666511
8.686491
8.691898
8.692103
8.692042
8.691893
8.691781
8.691502
8.691318
8.691124
8.690836
8.690570
8.690283
8.689975
8.689646
8.689297
8.688928
8.688539
8.688131
8.687703
8.687257
8.686790
8.686304
8.685798
8.685271
8.684721
8.684149
8.683552
8.682929
8.682276
8.681590
8.680867
8.680100
8.679281
8.678397
8.677434
8.676367
8.675157
8.673732
8.671946
8.669462
8.666270
8.662036
8.651400
