6.135292
6.135260
6.135215
6.135165
6.135122
6.135088
6.135059
6.135034
6.135011
6.134989
6.134968
6.134948
6.134929
6.134910
6.134892
6.134875
6.134859
6.134843
6.134827
6.134812
6.134798
6.134785
6.134772
6.134759
6.134747
6.134736
6.134725
6.134715
6.134705
6.134696
6.134688
6.134680
6.134673
6.134666
6.134660
6.134655
6.134651
6.134647
6.134644
6.134642
6.134640
6.134640
6.134640
6.134642
6.134645
6.134649
6.134654
6.134660
6.134667
6.134676
6.134686
6.134697
6.134709
6.134723
6.134737
6.134754
6.134771
6.134790
6.134810
6.134831
6.134854
6.134879
6.134904
6.134931
6.134960
6.134990
6.135022
6.135055
6.135089
6.135126
6.135163
6.135203
6.135244
6.135286
6.135330
6.135377
6.135426
6.135484
6.135547
6.135615
6.135685
6.135759
6.135835
6.135914
6.135997
6.136082
6.136171
6.136263
6.136358
6.136456
6.136558
6.136664
6.136772
6.136885
6.137001
6.137121
6.137244
6.137372
6.137503
6.137638
6.137777
6.137921
6.138068
6.138219
6.138375
6.138535
6.138700
6.138869
6.139042
6.139220
6.139403
6.139590
6.139783
6.139980
6.140182
6.140389
6.140601
6.140818
6.141041
6.141269
6.141502
6.141741
6.141985
6.142235
6.142491
6.142752
6.143020
6.143293
6.143573
6.143858
6.144150
6.144448
6.144752
6.145063
6.145381
6.145705
6.146036
6.146373
6.146718
6.147069
6.147428
6.147794
6.148167
6.148548
6.148936
6.149332
6.149735
6.150146
6.150565
6.150992
6.151427
6.151870
6.152321
6.152781
6.153249
6.153726
6.154211
6.154705
6.155208
6.155720
6.156241
6.156771
6.157310
6.157859
6.158417
6.158984
6.159561
6.160148
6.160745
6.161351
6.161968
6.162595
6.163232
6.163881
6.164543
6.165231
6.165976
6.166767
6.167596
6.168456
6.169340
6.170245
6.171167
6.172106
6.173060
6.174030
6.175014
6.176013
6.177027
6.178056
6.179100
6.180159
6.181233
6.182323
6.183427
6.184548
6.185684
6.186836
6.188003
6.189187
6.190387
6.191602
6.192834
6.194083
6.195347
6.196629
6.197926
6.199240
6.200571
6.201919
6.203283
6.204664
6.206062
6.207477
6.208909
6.210358
6.211824
6.213308
6.214808
6.216326
6.217860
6.219413
6.220982
6.222569
6.224173
6.225794
6.227433
6.229089
6.230763
6.232454
6.234162
6.235889
6.237632
6.239394
6.241173
6.242969
6.244783
6.246615
6.248464
6.250331
6.252216
6.254118
6.256037
6.257974
6.259929
6.261901
6.263891
6.265898
6.267922
6.269964
6.272023
6.274100
6.276194
6.278306
6.280434
6.282580
6.284744
6.286924
6.289122
6.291337
6.293569
6.295818
6.298084
6.300368
6.302668
6.304985
6.307319
6.309670
6.312038
6.314423
6.316825
6.319244
6.321679
6.324132
6.326598
6.329071
6.331520
6.333867
6.336177
6.338483
6.340796
6.343122
6.345461
6.347814
6.350183
6.352566
6.354964
6.357377
6.359805
6.362248
6.364707
6.367181
6.369670
6.372174
6.374693
6.377228
6.379778
6.382343
6.384924
6.387519
6.390131
6.392757
6.395399
6.398056
6.400728
6.403416
6.406119
6.408837
6.411571
6.414320
6.417084
6.419864
6.422659
6.425469
6.428295
6.431137
6.433994
6.436866
6.439753
6.442656
6.445575
6.448508
6.451458
6.454422
6.457402
6.460398
6.463409
6.466435
6.469477
6.472534
6.475606
6.478694
6.481797
6.484916
6.488050
6.491199
6.494364
6.497545
6.500740
6.503951
6.507178
6.510420
6.513677
6.516950
6.520238
6.523542
6.526861
6.530195
6.533546
6.536912
6.540293
6.543691
6.547104
6.550533
6.553979
6.557440
6.560917
6.564412
6.567922
6.571450
6.574994
6.578556
6.582136
6.585733
6.589349
6.592983
6.596637
6.600311
6.604005
6.607720
6.611458
6.615218
6.619001
6.622809
6.626642
6.630498
6.634360
6.638161
6.641972
6.645811
6.649683
6.653591
6.657537
6.661524
6.665556
6.669634
6.673761
6.677942
6.682180
6.686478
6.690841
6.695273
6.699779
6.704362
6.709029
6.713784
6.718632
6.723578
6.728629
6.733789
6.739063
6.744457
6.749975
6.755622
6.761402
6.767319
6.773375
6.779574
6.785916
6.792404
6.799036
6.805813
6.812732
6.819790
6.826985
6.834310
6.841761
6.849328
6.857005
6.864779
6.872641
6.880578
6.888575
6.896617
6.904689
6.912774
6.920854
6.928913
6.936933
6.944896
6.952788
6.960593
6.968295
6.975882
6.983342
6.990664
6.997838
7.004855
7.011709
7.018394
7.024903
7.031235
7.037385
7.043352
7.049135
7.054734
7.060148
7.065381
7.070434
7.075309
7.080012
7.084545
7.088915
7.093128
7.097189
7.101106
7.104885
7.108532
7.112051
7.115444
7.118708
7.121838
7.124823
7.127653
7.130314
7.132791
7.135106
7.137283
7.139331
7.141256
7.143064
7.144763
7.146365
7.147889
7.149364
7.150827
7.152336
7.153832
7.155021
7.155888
7.156537
7.157044
7.157452
7.157783
7.158053
7.158270
7.158442
7.158575
7.158675
7.158745
7.158789
7.158812
7.158816
7.158804
7.158777
7.158738
7.158689
7.158630
7.158562
7.158487
7.158405
7.158318
7.158221
7.158128
7.158030
7.157893
7.157822
7.157702
7.157542
7.157470
7.157350
7.157165
7.157076
7.156988
7.156805
7.156675
7.156593
7.156484
7.156334
7.156168
7.156066
7.155991
7.155867
7.155705
7.155595
7.155522
7.155426
7.155294
7.155170
7.155093
7.155031
7.154939
7.154838
7.154762
7.154700
7.154634
7.154572
7.154521
7.154477
7.154441
7.154414
7.154399
7.154396
7.154408
7.154436
7.154486
7.154560
7.154664
7.154805
7.154991
7.155228
7.155527
7.155897
7.156349
7.156894
7.157547
7.158331
7.159254
7.160338
7.161623
7.163159
7.165008
7.167225
7.169833
7.172564
7.175363
7.178215
7.181074
7.184020
7.187104
7.190410
7.194098
7.198507
7.204402
7.213537
7.229768
