6.166483
6.166452
6.166409
6.166361
6.166318
6.166284
6.166255
6.166229
6.166205
6.166181
6.166159
6.166138
6.166116
6.166096
6.166076
6.166056
6.166037
6.166018
6.166000
6.165982
6.165965
6.165948
6.165931
6.165915
6.165899
6.165883
6.165868
6.165853
6.165839
6.165825
6.165811
6.165798
6.165785
6.165772
6.165760
6.165748
6.165736
6.165725
6.165714
6.165703
6.165693
6.165683
6.165673
6.165664
6.165655
6.165646
6.165637
6.165629
6.165621
6.165613
6.165606
6.165599
6.165592
6.165586
6.165580
6.165574
6.165569
6.165564
6.165559
6.165555
6.165551
6.165547
6.165544
6.165541
6.165539
6.165537
6.165536
6.165535
6.165535
6.165535
6.165537
6.165539
6.165541
6.165545
6.165550
6.165555
6.165562
6.165571
6.165581
6.165594
6.165609
6.165626
6.165646
6.165668
6.165694
6.165722
6.165754
6.165789
6.165827
6.165870
6.165915
6.165965
6.166019
6.166078
6.166140
6.166208
6.166280
6.166356
6.166438
6.166525
6.166617
6.166715
6.166818
6.166927
6.167041
6.167162
6.167288
6.167421
6.167560
6.167705
6.167857
6.168016
6.168182
6.168354
6.168534
6.168722
6.168917
6.169117
6.169324
6.169537
6.169757
6.169984
6.170218
6.170459
6.170708
6.170964
6.171229
6.171501
6.171782
6.172070
6.172367
6.172672
6.172986
6.173309
6.173640
6.173980
6.174330
6.174688
6.175056
6.175434
6.175820
6.176217
6.176623
6.177039
6.177465
6.177901
6.178348
6.178804
6.179272
6.179749
6.180237
6.180736
6.181246
6.181767
6.182298
6.182841
6.183394
6.183959
6.184535
6.185122
6.185721
6.186330
6.186952
6.187584
6.188228
6.188884
6.189551
6.190229
6.190919
6.191621
6.192334
6.193059
6.193796
6.194547
6.195318
6.196117
6.196972
6.197975
6.199039
6.200127
6.201234
6.202358
6.203499
6.204656
6.205829
6.207018
6.208223
6.209443
6.210679
6.211930
6.213196
6.214477
6.215772
6.217082
6.218406
6.219744
6.221095
6.222461
6.223840
6.225233
6.226638
6.228058
6.229490
6.230935
6.232394
6.233865
6.235349
6.236847
6.238357
6.239880
6.241417
6.242966
6.244529
6.246105
6.247694
6.249296
6.250912
6.252542
6.254185
6.255842
6.257513
6.259198
6.260898
6.262611
6.264340
6.266082
6.267840
6.269612
6.271400
6.273202
6.275020
6.276854
6.278703
6.280568
6.282449
6.284345
6.286259
6.288188
6.290134
6.292096
6.294076
6.296072
6.298085
6.300115
6.302163
6.304228
6.306310
6.308410
6.310528
6.312663
6.314817
6.316988
6.319178
6.321386
6.323612
6.325857
6.328120
6.330402
6.332703
6.335022
6.337360
6.339717
6.342093
6.344488
6.346902
6.349336
6.351788
6.354260
6.356751
6.359261
6.361791
6.364340
6.366908
6.369496
6.372103
6.374726
6.377345
6.379773
6.382191
6.384624
6.387074
6.389543
6.392029
6.394532
6.397054
6.399593
6.402150
6.404725
6.407317
6.409928
6.412556
6.415202
6.417866
6.420548
6.423247
6.425964
6.428699
6.431452
6.434222
6.437010
6.439816
6.442639
6.445480
6.448338
6.451214
6.454107
6.457017
6.459944
6.462888
6.465849
6.468827
6.471822
6.474833
6.477861
6.480906
6.483966
6.487043
6.490135
6.493243
6.496367
6.499507
6.502661
6.505831
6.509016
6.512215
6.515429
6.518658
6.521900
6.525156
6.528426
6.531710
6.535006
6.538316
6.541638
6.544972
6.548319
6.551677
6.555047
6.558428
6.561819
6.565222
6.568634
6.572056
6.575487
6.578928
6.582377
6.585835
6.589300
6.592772
6.596252
6.599738
6.603230
6.606727
6.610230
6.613738
6.617250
6.620765
6.624284
6.627806
6.631331
6.634859
6.638388
6.641919
6.645452
6.648986
6.652522
6.656060
6.659598
6.663139
6.666680
6.670222
6.673766
6.677311
6.680856
6.684402
6.687946
6.691480
6.694901
6.698310
6.701714
6.705113
6.708505
6.711889
6.715263
6.718627
6.721978
6.725316
6.728640
6.731949
6.735243
6.738520
6.741783
6.745031
6.748266
6.751491
6.754710
6.757929
6.761156
6.764400
6.767675
6.770994
6.774375
6.777835
6.781389
6.785046
6.788813
6.792683
6.796643
6.800672
6.804741
6.808823
6.812888
6.816911
6.820872
6.824756
6.828552
6.832251
6.835851
6.839347
6.842737
6.846022
6.849202
6.852275
6.855244
6.858108
6.860868
6.863527
6.866083
6.868540
6.870897
6.873157
6.875322
6.877393
6.879372
6.881261
6.883064
6.884783
6.886419
6.887978
6.889461
6.890874
6.892221
6.893507
6.894734
6.895905
6.897024
6.898092
6.899113
6.900087
6.901019
6.901909
6.902760
6.903575
6.904355
6.905103
6.905822
6.906514
6.907184
6.907809
6.908399
6.908959
6.909492
6.910000
6.910486
6.910951
6.911399
6.911831
6.912249
6.912656
6.913054
6.913444
6.913830
6.914213
6.914597
6.914984
6.915379
6.915785
6.916208
6.916654
6.917131
6.917650
6.918228
6.918868
6.919565
6.920329
6.921173
6.922110
6.923157
6.924331
6.925655
6.927157
6.928878
6.930871
6.933192
6.935907
6.939096
6.942850
6.947275
6.952493
6.958643
6.965883
6.974390
6.984360
6.996004
7.009550
7.025243
7.043339
7.064110
7.087844
7.114845
7.145434
7.179946
7.218722
7.262092
7.310360
7.363766
7.422507
7.488221
7.559213
7.634949
7.714684
7.797424
7.881985
7.967077
8.051418
8.133886
8.213724
8.290773
8.365227
8.435779
8.498246
8.548037
8.586600
8.615526
8.636443
8.650892
8.660328
8.666314
8.669620
8.669878
8.669836
8.669704
8.669613
8.669295
8.669153
8.668778
8.668566
8.668254
8.667951
8.667619
8.667263
8.666882
8.666476
8.666047
8.665593
8.665116
8.664614
8.664088
8.663535
8.662956
8.662348
8.661709
8.661036
8.660325
8.659572
8.658768
8.657905
8.656970
8.655947
8.654811
8.653526
8.652032
8.650226
8.647922
8.644849
8.638214
