6.135283
6.135250
6.135205
6.135156
6.135113
6.135079
6.135050
6.135025
6.135002
6.134980
6.134959
6.134939
6.134920
6.134902
6.134884
6.134867
6.134851
6.134835
6.134820
6.134805
6.134791
6.134778
6.134765
6.134753
6.134741
6.134730
6.134720
6.134710
6.134700
6.134692
6.134684
6.134676
6.134670
6.134663
6.134658
6.134653
6.134650
6.134646
6.134644
6.134643
6.134642
6.134643
6.134645
6.134648
6.134652
6.134657
6.134663
6.134671
6.134679
6.134689
6.134701
6.134713
6.134727
6.134742
6.134758
6.134775
6.134794
6.134814
6.134836
6.134859
6.134883
6.134909
6.134936
6.134965
6.134995
6.135026
6.135060
6.135094
6.135130
6.135168
6.135207
6.135248
6.135291
6.135335
6.135381
6.135428
6.135480
6.135539
6.135604
6.135673
6.135746
6.135821
6.135899
6.135980
6.136064
6.136152
6.136242
6.136336
6.136432
6.136533
6.136636
6.136743
6.136854
6.136968
6.137086
6.137207
6.137333
6.137462
6.137595
6.137732
6.137872
6.138017
6.138166
6.138319
6.138477
6.138639
6.138805
6.138975
6.139150
6.139330
6.139514
6.139703
6.139897
6.140096
6.140299
6.140508
6.140722
6.140941
6.141165
6.141394
6.141629
6.141869
6.142115
6.142367
6.142624
6.142887
6.143156
6.143431
6.143711
6.143998
6.144292
6.144591
6.144897
6.145209
6.145528
6.145854
6.146186
6.146525
6.146871
6.147224
6.147584
6.147952
6.148326
6.148708
6.149098
6.149495
6.149899
6.150312
6.150732
6.151160
6.151596
6.152041
6.152493
6.152954
6.153424
6.153902
6.154388
6.154883
6.155388
6.155900
6.156422
6.156954
6.157494
6.158043
6.158602
6.159171
6.159749
6.160336
6.160934
6.161541
6.162159
6.162787
6.163425
6.164074
6.164735
6.165415
6.166172
6.166977
6.167815
6.168682
6.169571
6.170480
6.171406
6.172348
6.173306
6.174278
6.175266
6.176268
6.177285
6.178316
6.179363
6.180425
6.181502
6.182595
6.183702
6.184826
6.185965
6.187119
6.188289
6.189476
6.190678
6.191896
6.193131
6.194382
6.195649
6.196932
6.198232
6.199549
6.200882
6.202232
6.203598
6.204982
6.206382
6.207799
6.209233
6.210684
6.212152
6.213638
6.215140
6.216659
6.218196
6.219750
6.221321
6.222910
6.224515
6.226138
6.227779
6.229436
6.231111
6.232803
6.234513
6.236240
6.237984
6.239745
6.241523
6.243319
6.245132
6.246963
6.248811
6.250677
6.252561
6.254461
6.256380
6.258315
6.260269
6.262239
6.264227
6.266233
6.268256
6.270296
6.272354
6.274429
6.276521
6.278631
6.280758
6.282902
6.285063
6.287242
6.289438
6.291652
6.293882
6.296130
6.298395
6.300677
6.302976
6.305292
6.307625
6.309975
6.312343
6.314727
6.317129
6.319547
6.321982
6.324434
6.326899
6.329369
6.331813
6.334166
6.336487
6.338797
6.341112
6.343438
6.345777
6.348131
6.350499
6.352883
6.355281
6.357695
6.360124
6.362568
6.365027
6.367501
6.369991
6.372495
6.375015
6.377550
6.380100
6.382666
6.385247
6.387843
6.390454
6.393080
6.395722
6.398379
6.401052
6.403739
6.406442
6.409161
6.411894
6.414643
6.417408
6.420187
6.422982
6.425793
6.428618
6.431460
6.434316
6.437188
6.440075
6.442978
6.445896
6.448830
6.451779
6.454743
6.457723
6.460718
6.463729
6.466755
6.469797
6.472854
6.475927
6.479015
6.482119
6.485239
6.488374
6.491525
6.494691
6.497874
6.501072
6.504286
6.507516
6.510762
6.514024
6.517302
6.520597
6.523908
6.527237
6.530582
6.533944
6.537324
6.540722
6.544138
6.547573
6.551026
6.554499
6.557993
6.561507
6.565042
6.568600
6.572180
6.575785
6.579415
6.583072
6.586756
6.590470
6.594214
6.597990
6.601801
6.605649
6.609535
6.613463
6.617434
6.621451
6.625518
6.629637
6.633805
6.638010
6.642180
6.646393
6.650669
6.655015
6.659438
6.663940
6.668526
6.673200
6.677965
6.682825
6.687784
6.692844
6.698008
6.703279
6.708659
6.714149
6.719750
6.725462
6.731285
6.737218
6.743259
6.749407
6.755658
6.762009
6.768455
6.774991
6.781613
6.788314
6.795089
6.801930
6.808830
6.815783
6.822780
6.829814
6.836878
6.843963
6.851062
6.858167
6.865270
6.872365
6.879443
6.886498
6.893523
6.900511
6.907456
6.914352
6.921193
6.927974
6.934690
6.941335
6.947905
6.954396
6.960804
6.967125
6.973356
6.979494
6.985535
6.991477
6.997318
7.003055
7.008685
7.014207
7.019619
7.024919
7.030105
7.035176
7.040131
7.044968
7.049688
7.054289
7.058774
7.063143
7.067399
7.071547
7.075591
7.079537
7.083391
7.087161
7.090854
7.094488
7.098097
7.101749
7.105504
7.109253
7.112951
7.116606
7.119796
7.122354
7.124439
7.126179
7.127652
7.128904
7.129971
7.130877
7.131646
7.132294
7.132837
7.133288
7.133659
7.133959
7.134198
7.134383
7.134521
7.134619
7.134681
7.134713
7.134718
7.134699
7.134659
7.134602
7.134528
7.134439
7.134337
7.134222
7.134097
7.133961
7.133816
7.133661
7.133503
7.133303
7.133194
7.132933
7.132809
7.132547
7.132343
7.132222
7.131881
7.131762
7.131399
7.131269
7.131110
7.130726
7.130546
7.130409
7.130067
7.129782
7.129633
7.129241
7.129092
7.128916
7.128580
7.128447
7.128063
7.127878
7.127743
7.127486
7.127183
7.127046
7.126703
7.126571
7.126419
7.126113
7.125951
7.125801
7.125529
7.125412
7.125220
7.124985
7.124883
7.124683
7.124606
7.124418
7.124254
7.124180
7.124073
7.123956
7.123869
7.123795
7.123731
7.123682
7.123650
7.123636
7.123644
7.123678
7.123742
7.123845
7.123996
7.124205
7.124485
7.124852
7.125320
7.125906
7.126627
7.127499
7.128540
7.129769
7.131201
7.132853
7.134766
7.136973
7.139401
7.142093
7.144945
7.147852
7.150820
7.153968
7.157535
7.162023
7.168948
