6.166452
6.166421
6.166377
6.166329
6.166285
6.166251
6.166222
6.166196
6.166172
6.166148
6.166126
6.166104
6.166083
6.166062
6.166042
6.166022
6.166003
6.165984
6.165965
6.165947
6.165929
6.165912
6.165895
6.165879
6.165863
6.165847
6.165832
6.165817
6.165802
6.165788
6.165774
6.165760
6.165747
6.165734
6.165722
6.165710
6.165698
6.165686
6.165675
6.165664
6.165653
6.165643
6.165633
6.165623
6.165614
6.165604
6.165596
6.165587
6.165579
6.165571
6.165563
6.165556
6.165548
6.165542
6.165535
6.165529
6.165523
6.165518
6.165512
6.165507
6.165503
6.165499
6.165495
6.165491
6.165488
6.165486
6.165483
6.165482
6.165481
6.165480
6.165480
6.165480
6.165482
6.165484
6.165487
6.165491
6.165495
6.165502
6.165510
6.165520
6.165532
6.165546
6.165562
6.165581
6.165603
6.165628
6.165655
6.165686
6.165721
6.165759
6.165800
6.165846
6.165895
6.165949
6.166007
6.166069
6.166136
6.166208
6.166285
6.166366
6.166453
6.166546
6.166644
6.166747
6.166857
6.166972
6.167093
6.167221
6.167355
6.167495
6.167642
6.167796
6.167957
6.168125
6.168300
6.168484
6.168672
6.168867
6.169068
6.169276
6.169491
6.169712
6.169942
6.170178
6.170423
6.170675
6.170935
6.171203
6.171479
6.171764
6.172057
6.172358
6.172669
6.172988
6.173316
6.173654
6.174000
6.174356
6.174722
6.175097
6.175481
6.175876
6.176280
6.176695
6.177120
6.177555
6.178000
6.178456
6.178923
6.179400
6.179888
6.180387
6.180897
6.181418
6.181950
6.182493
6.183048
6.183614
6.184191
6.184780
6.185380
6.185992
6.186616
6.187251
6.187898
6.188556
6.189227
6.189909
6.190603
6.191309
6.192026
6.192755
6.193496
6.194251
6.195025
6.195827
6.196686
6.197698
6.198769
6.199865
6.200980
6.202112
6.203261
6.204426
6.205607
6.206804
6.208017
6.209245
6.210488
6.211747
6.213020
6.214308
6.215609
6.216926
6.218255
6.219599
6.220956
6.222327
6.223710
6.225107
6.226517
6.227940
6.229376
6.230824
6.232285
6.233759
6.235246
6.236746
6.238258
6.239783
6.241321
6.242872
6.244436
6.246014
6.247604
6.249208
6.250826
6.252458
6.254103
6.255762
6.257436
6.259124
6.260826
6.262543
6.264274
6.266021
6.267783
6.269560
6.271352
6.273160
6.274984
6.276824
6.278680
6.280552
6.282441
6.284346
6.286268
6.288207
6.290163
6.292136
6.294126
6.296133
6.298158
6.300201
6.302261
6.304340
6.306436
6.308550
6.310683
6.312834
6.315004
6.317192
6.319399
6.321625
6.323869
6.326133
6.328415
6.330716
6.333037
6.335377
6.337736
6.340115
6.342512
6.344930
6.347367
6.349823
6.352299
6.354795
6.357310
6.359844
6.362399
6.364973
6.367566
6.370180
6.372812
6.375462
6.378108
6.380560
6.383004
6.385465
6.387943
6.390439
6.392953
6.395485
6.398034
6.400602
6.403187
6.405791
6.408412
6.411051
6.413709
6.416384
6.419077
6.421788
6.424517
6.427264
6.430028
6.432811
6.435611
6.438429
6.441264
6.444117
6.446987
6.449875
6.452780
6.455702
6.458641
6.461598
6.464571
6.467561
6.470568
6.473591
6.476630
6.479686
6.482758
6.485846
6.488950
6.492069
6.495204
6.498355
6.501520
6.504700
6.507895
6.511105
6.514328
6.517566
6.520818
6.524083
6.527362
6.530654
6.533958
6.537276
6.540605
6.543946
6.547300
6.550664
6.554040
6.557426
6.560823
6.564230
6.567647
6.571073
6.574508
6.577951
6.581403
6.584862
6.588329
6.591803
6.595284
6.598770
6.602263
6.605760
6.609262
6.612768
6.616278
6.619792
6.623308
6.626828
6.630349
6.633873
6.637398
6.640925
6.644453
6.647983
6.651514
6.655047
6.658582
6.662118
6.665656
6.669197
6.672740
6.676285
6.679833
6.683384
6.686936
6.690489
6.694034
6.697472
6.700899
6.704323
6.707743
6.711156
6.714561
6.717957
6.721341
6.724713
6.728069
6.731410
6.734733
6.738038
6.741324
6.744590
6.747836
6.751061
6.754266
6.757451
6.760618
6.763769
6.766906
6.770034
6.773159
6.776288
6.779431
6.782598
6.785801
6.789052
6.792360
6.795731
6.799166
6.802662
6.806207
6.809786
6.813381
6.816975
6.820548
6.824086
6.827574
6.831003
6.834364
6.837649
6.840854
6.843974
6.847004
6.849942
6.852785
6.855530
6.858176
6.860722
6.863166
6.865508
6.867747
6.869885
6.871922
6.873861
6.875701
6.877447
6.879102
6.880667
6.882148
6.883552
6.884882
6.886143
6.887340
6.888477
6.889558
6.890586
6.891567
6.892502
6.893395
6.894251
6.895072
6.895861
6.896621
6.897355
6.898066
6.898758
6.899432
6.900092
6.900741
6.901381
6.902016
6.902648
6.903282
6.903921
6.904569
6.905229
6.905907
6.906607
6.907335
6.908096
6.908898
6.909746
6.910649
6.911616
6.912657
6.913781
6.915000
6.916326
6.917773
6.919355
6.921088
6.922987
6.925071
6.927361
6.929886
6.932679
6.935775
6.939211
6.943028
6.947272
6.951995
6.957250
6.963100
6.969611
6.976856
6.984918
6.993884
7.003852
7.014930
7.027235
7.040895
7.056049
7.072849
7.091458
7.112050
7.134812
7.159937
7.187628
7.218086
7.251512
7.288095
7.327999
7.371358
7.418253
7.468702
7.522643
7.579967
7.641386
7.705636
7.772187
7.840462
7.909830
7.979649
8.049354
8.118578
8.187215
8.255113
8.321172
8.383025
8.438514
8.485974
8.524672
8.555464
8.579338
8.597276
8.610260
8.619698
8.626554
8.630695
8.632374
8.632606
8.632571
8.632459
8.632246
8.632111
8.631775
8.631567
8.631291
8.630986
8.630670
8.630330
8.629966
8.629578
8.629164
8.628726
8.628263
8.627775
8.627261
8.626719
8.626150
8.625550
8.624918
8.624251
8.623545
8.622794
8.621991
8.621128
8.620194
8.619176
8.618053
8.616797
8.615364
8.613678
8.611545
8.607396
8.597129
