6.166639
6.166608
6.166564
6.166516
6.166473
6.166439
6.166410
6.166384
6.166360
6.166337
6.166314
6.166292
6.166271
6.166251
6.166231
6.166211
6.166192
6.166173
6.166154
6.166136
6.166119
6.166102
6.166085
6.166069
6.166053
6.166037
6.166022
6.166007
6.165992
6.165978
6.165964
6.165951
6.165938
6.165925
6.165912
6.165900
6.165888
6.165877
6.165866
6.165855
6.165844
6.165834
6.165824
6.165814
6.165805
6.165796
6.165787
6.165779
6.165770
6.165762
6.165755
6.165748
6.165741
6.165734
6.165728
6.165722
6.165716
6.165710
6.165705
6.165701
6.165696
6.165692
6.165688
6.165685
6.165682
6.165680
6.165678
6.165676
6.165676
6.165675
6.165676
6.165677
6.165678
6.165681
6.165684
6.165689
6.165694
6.165701
6.165710
6.165721
6.165734
6.165749
6.165767
6.165788
6.165811
6.165837
6.165867
6.165900
6.165936
6.165976
6.166020
6.166068
6.166120
6.166176
6.166237
6.166302
6.166371
6.166446
6.166526
6.166611
6.166701
6.166796
6.166898
6.167004
6.167117
6.167236
6.167360
6.167491
6.167629
6.167773
6.167923
6.168080
6.168245
6.168416
6.168595
6.168782
6.168974
6.169171
6.169376
6.169587
6.169805
6.170030
6.170262
6.170502
6.170750
6.171005
6.171268
6.171539
6.171818
6.172106
6.172402
6.172706
6.173019
6.173341
6.173672
6.174012
6.174361
6.174720
6.175088
6.175465
6.175852
6.176249
6.176655
6.177072
6.177498
6.177935
6.178383
6.178840
6.179309
6.179788
6.180278
6.180778
6.181290
6.181813
6.182346
6.182891
6.183448
6.184015
6.184595
6.185185
6.185787
6.186401
6.187026
6.187663
6.188312
6.188973
6.189645
6.190329
6.191026
6.191734
6.192454
6.193186
6.193930
6.194687
6.195464
6.196269
6.197131
6.198145
6.199220
6.200319
6.201437
6.202573
6.203725
6.204893
6.206079
6.207280
6.208497
6.209731
6.210979
6.212243
6.213522
6.214816
6.216124
6.217446
6.218783
6.220133
6.221498
6.222875
6.224266
6.225671
6.227088
6.228519
6.229962
6.231418
6.232887
6.234368
6.235863
6.237369
6.238889
6.240421
6.241966
6.243523
6.245093
6.246677
6.248273
6.249882
6.251504
6.253140
6.254789
6.256451
6.258127
6.259817
6.261520
6.263238
6.264970
6.266716
6.268477
6.270253
6.272043
6.273848
6.275668
6.277504
6.279355
6.281221
6.283103
6.285001
6.286915
6.288844
6.290790
6.292752
6.294731
6.296726
6.298738
6.300766
6.302812
6.304875
6.306954
6.309052
6.311166
6.313298
6.315447
6.317614
6.319799
6.322002
6.324223
6.326461
6.328718
6.330993
6.333287
6.335599
6.337929
6.340278
6.342645
6.345031
6.347435
6.349859
6.352301
6.354762
6.357242
6.359741
6.362259
6.364796
6.367351
6.369926
6.372520
6.375131
6.377738
6.380153
6.382561
6.384984
6.387425
6.389883
6.392359
6.394852
6.397363
6.399891
6.402436
6.404999
6.407580
6.410178
6.412794
6.415428
6.418079
6.420747
6.423433
6.426137
6.428858
6.431596
6.434352
6.437125
6.439915
6.442723
6.445548
6.448390
6.451249
6.454125
6.457018
6.459927
6.462854
6.465797
6.468757
6.471733
6.474726
6.477734
6.480759
6.483800
6.486857
6.489929
6.493017
6.496120
6.499239
6.502372
6.505521
6.508684
6.511861
6.515053
6.518260
6.521480
6.524713
6.527961
6.531221
6.534495
6.537781
6.541080
6.544391
6.547714
6.551049
6.554395
6.557753
6.561121
6.564500
6.567889
6.571288
6.574697
6.578115
6.581541
6.584977
6.588420
6.591872
6.595330
6.598796
6.602268
6.605746
6.609230
6.612719
6.616214
6.619712
6.623215
6.626722
6.630232
6.633745
6.637261
6.640779
6.644299
6.647821
6.651345
6.654871
6.658399
6.661929
6.665460
6.668993
6.672529
6.676066
6.679605
6.683147
6.686689
6.690224
6.693644
6.697055
6.700465
6.703871
6.707274
6.710672
6.714063
6.717446
6.720819
6.724181
6.727531
6.730867
6.734187
6.737492
6.740780
6.744049
6.747299
6.750530
6.753738
6.756924
6.760086
6.763222
6.766330
6.769409
6.772455
6.775468
6.778443
6.781380
6.784275
6.787126
6.789931
6.792689
6.795398
6.798057
6.800665
6.803223
6.805733
6.808196
6.810616
6.812997
6.815343
6.817661
6.819956
6.822234
6.824503
6.826767
6.829032
6.831304
6.833587
6.835885
6.838202
6.840544
6.842919
6.845339
6.847822
6.850391
6.853067
6.855858
6.858745
6.861679
6.864591
6.867410
6.870083
6.872575
6.874871
6.876971
6.878884
6.880629
6.882221
6.883669
6.884966
6.886107
6.887100
6.887962
6.888711
6.889368
6.889948
6.890452
6.890872
6.891232
6.891543
6.891813
6.892049
6.892257
6.892441
6.892605
6.892753
6.892887
6.893010
6.893124
6.893231
6.893334
6.893435
6.893535
6.893639
6.893747
6.893863
6.893993
6.894140
6.894313
6.894522
6.894784
6.895134
6.895576
6.896123
6.896795
6.897616
6.898612
6.899818
6.901285
6.903069
6.905244
6.907895
6.911124
6.915045
6.919788
6.925492
6.932310
6.940400
6.949923
6.961038
6.973895
6.988640
7.005423
7.024408
7.045780
7.069742
7.096508
7.126291
7.159288
7.195673
7.235578
7.279088
7.326225
7.376946
7.431128
7.488577
7.549018
7.612107
7.677482
7.745877
7.815607
7.886047
7.956598
8.026654
8.095620
8.162921
8.228008
8.290347
8.349379
8.404501
8.455126
8.500874
8.539874
8.573439
8.602487
8.628145
8.649391
8.658922
8.659657
8.659635
8.659538
8.659342
8.659217
8.658965
8.658669
8.658462
8.658191
8.657901
8.657591
8.657258
8.656904
8.656529
8.656133
8.655715
8.655276
8.654816
8.654334
8.653829
8.653302
8.652750
8.652173
8.651569
8.650934
8.650267
8.649561
8.648813
8.648013
8.647152
8.646213
8.645176
8.644012
8.642677
8.641110
8.639257
8.637091
8.632188
8.628212
8.616601
