6.135802
6.135770
6.135725
6.135676
6.135633
6.135600
6.135572
6.135547
6.135525
6.135504
6.135484
6.135465
6.135447
6.135429
6.135413
6.135397
6.135382
6.135367
6.135353
6.135340
6.135328
6.135316
6.135305
6.135295
6.135285
6.135276
6.135267
6.135260
6.135253
6.135247
6.135241
6.135237
6.135233
6.135230
6.135228
6.135227
6.135227
6.135228
6.135230
6.135233
6.135237
6.135243
6.135250
6.135258
6.135267
6.135277
6.135289
6.135302
6.135316
6.135332
6.135349
6.135367
6.135387
6.135407
6.135430
6.135453
6.135478
6.135505
6.135533
6.135562
6.135593
6.135626
6.135659
6.135695
6.135732
6.135771
6.135811
6.135853
6.135896
6.135941
6.135988
6.136037
6.136087
6.136138
6.136192
6.136248
6.136307
6.136377
6.136454
6.136535
6.136619
6.136707
6.136797
6.136891
6.136987
6.137088
6.137191
6.137298
6.137408
6.137522
6.137639
6.137760
6.137884
6.138013
6.138145
6.138280
6.138420
6.138564
6.138712
6.138863
6.139019
6.139179
6.139343
6.139512
6.139685
6.139862
6.140043
6.140230
6.140421
6.140616
6.140816
6.141021
6.141231
6.141446
6.141666
6.141891
6.142121
6.142357
6.142597
6.142843
6.143095
6.143352
6.143614
6.143882
6.144156
6.144436
6.144722
6.145013
6.145311
6.145615
6.145925
6.146242
6.146564
6.146894
6.147229
6.147572
6.147921
6.148277
6.148640
6.149010
6.149387
6.149771
6.150162
6.150561
6.150967
6.151380
6.151801
6.152230
6.152667
6.153111
6.153563
6.154024
6.154492
6.154968
6.155453
6.155946
6.156448
6.156958
6.157477
6.158004
6.158541
6.159086
6.159640
6.160203
6.160776
6.161357
6.161949
6.162550
6.163161
6.163782
6.164413
6.165054
6.165707
6.166370
6.167047
6.167751
6.168503
6.169304
6.170146
6.171020
6.171919
6.172840
6.173779
6.174734
6.175705
6.176691
6.177692
6.178707
6.179737
6.180782
6.181841
6.182916
6.184005
6.185109
6.186228
6.187363
6.188512
6.189677
6.190858
6.192054
6.193266
6.194493
6.195737
6.196996
6.198271
6.199563
6.200870
6.202194
6.203534
6.204891
6.206263
6.207653
6.209058
6.210481
6.211920
6.213375
6.214848
6.216337
6.217842
6.219365
6.220904
6.222460
6.224033
6.225623
6.227229
6.228853
6.230494
6.232153
6.233828
6.235522
6.237233
6.238961
6.240706
6.242470
6.244250
6.246048
6.247864
6.249697
6.251547
6.253415
6.255301
6.257203
6.259124
6.261062
6.263017
6.264990
6.266980
6.268988
6.271013
6.273055
6.275115
6.277193
6.279287
6.281399
6.283529
6.285676
6.287840
6.290021
6.292220
6.294436
6.296669
6.298920
6.301187
6.303472
6.305775
6.308094
6.310431
6.312784
6.315155
6.317543
6.319948
6.322370
6.324809
6.327264
6.329733
6.332207
6.334654
6.337008
6.339326
6.341635
6.343948
6.346274
6.348615
6.350971
6.353343
6.355730
6.358132
6.360549
6.362982
6.365429
6.367892
6.370371
6.372864
6.375373
6.377896
6.380435
6.382990
6.385559
6.388144
6.390743
6.393358
6.395989
6.398634
6.401295
6.403971
6.406662
6.409369
6.412090
6.414828
6.417580
6.420348
6.423131
6.425930
6.428745
6.431574
6.434420
6.437281
6.440158
6.443051
6.445959
6.448884
6.451824
6.454781
6.457754
6.460744
6.463750
6.466773
6.469813
6.472870
6.475945
6.479037
6.482147
6.485275
6.488422
6.491588
6.494773
6.497977
6.501202
6.504448
6.507714
6.511003
6.514314
6.517647
6.521005
6.524387
6.527795
6.531229
6.534691
6.538181
6.541700
6.545249
6.548831
6.552446
6.556095
6.559779
6.563501
6.567262
6.571064
6.574907
6.578794
6.582727
6.586706
6.590735
6.594814
6.598946
6.603132
6.607374
6.611674
6.616034
6.620454
6.624937
6.629484
6.634096
6.638774
6.643519
6.648327
6.653178
6.657986
6.662839
6.667756
6.672740
6.677793
6.682915
6.688104
6.693361
6.698684
6.704073
6.709525
6.715040
6.720616
6.726250
6.731940
6.737684
6.743478
6.749319
6.755205
6.761130
6.767091
6.773083
6.779102
6.785142
6.791197
6.797262
6.803331
6.809397
6.815453
6.821494
6.827513
6.833502
6.839456
6.845367
6.851230
6.857039
6.862788
6.868474
6.874091
6.879636
6.885107
6.890502
6.895821
6.901064
6.906232
6.911327
6.916352
6.921310
6.926206
6.931044
6.935827
6.940559
6.945244
6.949885
6.954484
6.959049
6.963588
6.968122
6.972674
6.977262
6.981839
6.986178
6.990318
6.994271
6.998050
7.001667
7.005141
7.008488
7.011720
7.014845
7.017867
7.020788
7.023606
7.026318
7.028926
7.031431
7.033832
7.036130
7.038324
7.040416
7.042409
7.044307
7.046114
7.047837
7.049484
7.051067
7.052597
7.054013
7.055388
7.056690
7.057970
7.059242
7.060514
7.061776
7.063013
7.064228
7.065421
7.066594
7.067746
7.068875
7.069980
7.071058
7.072106
7.073120
7.074097
7.075033
7.075926
7.076774
7.077575
7.078328
7.079034
7.079693
7.080306
7.080875
7.081401
7.081888
7.082338
7.082752
7.083135
7.083487
7.083814
7.084116
7.084397
7.084660
7.084907
7.085140
7.085362
7.085574
7.085779
7.085978
7.086173
7.086365
7.086556
7.086749
7.086950
7.087189
7.087584
7.088490
7.090156
7.092183
7.094337
7.096556
7.098518
7.100161
7.101548
7.102720
7.103705
7.104529
7.105212
7.105770
7.106216
7.106563
7.106819
7.106995
7.107102
7.107151
7.107152
7.107115
7.107045
7.106950
7.106833
7.106700
7.106571
7.106324
7.106224
7.105904
7.105777
7.105412
7.105258
7.104923
7.104662
7.104434
7.104082
7.103805
7.103491
7.103166
7.102824
7.102465
7.102087
7.101690
7.101272
7.100831
7.100366
7.099874
7.099352
7.098796
7.098201
7.097560
7.096864
7.096100
7.095260
7.094338
7.093202
7.092028
7.090090
7.088520
7.085238
7.081059
7.072980
