6.166568
6.166537
6.166495
6.166448
6.166406
6.166373
6.166344
6.166318
6.166294
6.166271
6.166249
6.166228
6.166207
6.166187
6.166167
6.166147
6.166128
6.166110
6.166092
6.166074
6.166057
6.166040
6.166023
6.166007
6.165991
6.165975
6.165960
6.165946
6.165931
6.165917
6.165904
6.165890
6.165877
6.165865
6.165853
6.165841
6.165829
6.165818
6.165807
6.165796
6.165786
6.165776
6.165766
6.165756
6.165747
6.165738
6.165730
6.165722
6.165714
6.165706
6.165699
6.165692
6.165686
6.165679
6.165673
6.165668
6.165662
6.165657
6.165653
6.165649
6.165645
6.165641
6.165638
6.165636
6.165634
6.165632
6.165631
6.165631
6.165631
6.165632
6.165633
6.165635
6.165639
6.165643
6.165648
6.165654
6.165661
6.165670
6.165680
6.165693
6.165708
6.165726
6.165746
6.165769
6.165794
6.165823
6.165854
6.165889
6.165928
6.165970
6.166016
6.166066
6.166119
6.166177
6.166240
6.166307
6.166378
6.166455
6.166536
6.166622
6.166714
6.166811
6.166913
6.167021
6.167135
6.167255
6.167380
6.167512
6.167650
6.167795
6.167946
6.168104
6.168268
6.168440
6.168619
6.168805
6.168999
6.169200
6.169407
6.169621
6.169841
6.170067
6.170301
6.170543
6.170792
6.171048
6.171312
6.171585
6.171865
6.172154
6.172451
6.172756
6.173070
6.173393
6.173725
6.174066
6.174416
6.174775
6.175143
6.175521
6.175909
6.176307
6.176714
6.177132
6.177559
6.177997
6.178445
6.178904
6.179373
6.179853
6.180344
6.180845
6.181358
6.181882
6.182417
6.182963
6.183521
6.184090
6.184670
6.185262
6.185865
6.186481
6.187108
6.187746
6.188397
6.189059
6.189734
6.190420
6.191119
6.191829
6.192552
6.193287
6.194034
6.194797
6.195579
6.196390
6.197257
6.198267
6.199336
6.200431
6.201546
6.202678
6.203827
6.204993
6.206176
6.207376
6.208592
6.209824
6.211072
6.212336
6.213616
6.214911
6.216221
6.217546
6.218886
6.220241
6.221610
6.222993
6.224390
6.225801
6.227226
6.228664
6.230116
6.231582
6.233061
6.234553
6.236059
6.237578
6.239110
6.240656
6.242214
6.243786
6.245372
6.246970
6.248582
6.250208
6.251847
6.253500
6.255166
6.256846
6.258540
6.260249
6.261971
6.263707
6.265458
6.267224
6.269004
6.270799
6.272608
6.274433
6.276273
6.278128
6.279998
6.281884
6.283786
6.285703
6.287636
6.289585
6.291550
6.293531
6.295528
6.297542
6.299572
6.301619
6.303682
6.305762
6.307859
6.309973
6.312104
6.314251
6.316416
6.318598
6.320798
6.323015
6.325249
6.327500
6.329769
6.332056
6.334360
6.336681
6.339021
6.341378
6.343753
6.346145
6.348556
6.350984
6.353430
6.355894
6.358376
6.360875
6.363393
6.365928
6.368481
6.371052
6.373641
6.376245
6.378844
6.381278
6.383704
6.386143
6.388600
6.391072
6.393562
6.396068
6.398591
6.401130
6.403686
6.406259
6.408848
6.411455
6.414078
6.416718
6.419375
6.422049
6.424739
6.427447
6.430171
6.432912
6.435670
6.438445
6.441236
6.444045
6.446870
6.449712
6.452570
6.455445
6.458337
6.461245
6.464170
6.467111
6.470069
6.473042
6.476032
6.479038
6.482060
6.485098
6.488151
6.491220
6.494305
6.497405
6.500520
6.503650
6.506796
6.509956
6.513130
6.516319
6.519523
6.522740
6.525971
6.529216
6.532474
6.535745
6.539030
6.542327
6.545636
6.548958
6.552291
6.555636
6.558993
6.562360
6.565738
6.569126
6.572524
6.575932
6.579349
6.582775
6.586210
6.589652
6.593103
6.596560
6.600024
6.603495
6.606971
6.610453
6.613941
6.617433
6.620929
6.624429
6.627933
6.631441
6.634952
6.638466
6.641983
6.645503
6.649026
6.652552
6.656082
6.659615
6.663152
6.666693
6.670238
6.673788
6.677342
6.680900
6.684462
6.688026
6.691584
6.695039
6.698486
6.701931
6.705373
6.708812
6.712245
6.715670
6.719087
6.722494
6.725889
6.729272
6.732640
6.735995
6.739334
6.742658
6.745966
6.749261
6.752541
6.755810
6.759069
6.762322
6.765573
6.768829
6.772096
6.775382
6.778697
6.782049
6.785449
6.788903
6.792414
6.795984
6.799608
6.803277
6.806981
6.810704
6.814431
6.818148
6.821841
6.825497
6.829106
6.832660
6.836153
6.839577
6.842929
6.846204
6.849398
6.852509
6.855532
6.858466
6.861307
6.864054
6.866704
6.869257
6.871712
6.874070
6.876330
6.878495
6.880566
6.882547
6.884439
6.886246
6.887973
6.889624
6.891202
6.892712
6.894161
6.895554
6.896897
6.898194
6.899449
6.900666
6.901850
6.903004
6.904133
6.905241
6.906331
6.907409
6.908478
6.909543
6.910608
6.911679
6.912761
6.913859
6.914980
6.916131
6.917317
6.918548
6.919830
6.921174
6.922589
6.924084
6.925671
6.927361
6.929165
6.931096
6.933167
6.935390
6.937784
6.940366
6.943153
6.946170
6.949431
6.952957
6.956769
6.960891
6.965347
6.970164
6.975371
6.980998
6.987078
6.993647
7.000743
7.008408
7.016688
7.025632
7.035293
7.045732
7.057012
7.069205
7.082386
7.096639
7.112055
7.128727
7.146758
7.166253
7.187322
7.210075
7.234623
7.261073
7.289526
7.320074
7.352797
7.387759
7.425004
7.464555
7.506407
7.550528
7.596851
7.645282
7.695724
7.748611
7.803171
7.859107
7.916122
7.973888
8.032047
8.090228
8.148072
8.205297
8.261835
8.318055
8.374575
8.430467
8.482139
8.526581
8.562915
8.592181
8.615405
8.633518
8.647609
8.658617
8.667267
8.673243
8.676917
8.678796
8.679332
8.679397
8.679314
8.679146
8.679019
8.678689
8.678508
8.678149
8.677869
8.677565
8.677226
8.676862
8.676472
8.676055
8.675611
8.675139
8.674638
8.674106
8.673543
8.672945
8.672310
8.671634
8.670911
8.670135
8.669297
8.668386
8.667389
8.666284
8.665042
8.663619
8.661937
8.659839
8.656212
8.646493
