6.166512
6.166481
6.166438
6.166390
6.166347
6.166313
6.166284
6.166258
6.166233
6.166210
6.166188
6.166166
6.166145
6.166125
6.166105
6.166085
6.166066
6.166047
6.166029
6.166011
6.165993
6.165976
6.165960
6.165943
6.165927
6.165912
6.165897
6.165882
6.165867
6.165853
6.165840
6.165826
6.165813
6.165800
6.165788
6.165776
6.165764
6.165753
6.165742
6.165731
6.165721
6.165710
6.165701
6.165691
6.165682
6.165673
6.165664
6.165656
6.165648
6.165640
6.165633
6.165626
6.165619
6.165612
6.165606
6.165600
6.165595
6.165590
6.165585
6.165580
6.165576
6.165573
6.165569
6.165566
6.165564
6.165562
6.165560
6.165559
6.165559
6.165559
6.165560
6.165562
6.165565
6.165568
6.165572
6.165578
6.165584
6.165592
6.165603
6.165615
6.165629
6.165646
6.165666
6.165688
6.165713
6.165741
6.165773
6.165807
6.165846
6.165887
6.165933
6.165983
6.166037
6.166095
6.166157
6.166224
6.166296
6.166372
6.166454
6.166541
6.166633
6.166730
6.166833
6.166941
6.167056
6.167176
6.167302
6.167435
6.167574
6.167719
6.167871
6.168030
6.168195
6.168368
6.168547
6.168734
6.168929
6.169129
6.169336
6.169549
6.169768
6.169995
6.170229
6.170470
6.170719
6.170975
6.171240
6.171512
6.171792
6.172081
6.172378
6.172683
6.172997
6.173319
6.173651
6.173991
6.174341
6.174699
6.175067
6.175445
6.175832
6.176228
6.176635
6.177051
6.177477
6.177914
6.178360
6.178817
6.179285
6.179763
6.180251
6.180751
6.181261
6.181782
6.182314
6.182857
6.183411
6.183977
6.184554
6.185142
6.185741
6.186353
6.186975
6.187610
6.188256
6.188914
6.189583
6.190264
6.190957
6.191661
6.192378
6.193106
6.193846
6.194602
6.195376
6.196181
6.197041
6.198046
6.199112
6.200204
6.201316
6.202444
6.203590
6.204753
6.205932
6.207127
6.208338
6.209565
6.210807
6.212065
6.213339
6.214627
6.215930
6.217247
6.218579
6.219926
6.221286
6.222660
6.224047
6.225448
6.226863
6.228291
6.229732
6.231187
6.232654
6.234135
6.235629
6.237136
6.238656
6.240189
6.241736
6.243295
6.244868
6.246455
6.248055
6.249668
6.251295
6.252936
6.254591
6.256261
6.257944
6.259642
6.261354
6.263081
6.264823
6.266579
6.268351
6.270138
6.271941
6.273759
6.275593
6.277443
6.279309
6.281191
6.283090
6.285005
6.286936
6.288884
6.290849
6.292831
6.294831
6.296847
6.298881
6.300933
6.303002
6.305089
6.307193
6.309316
6.311457
6.313616
6.315793
6.317988
6.320202
6.322435
6.324686
6.326955
6.329244
6.331551
6.333877
6.336222
6.338586
6.340969
6.343371
6.345792
6.348232
6.350691
6.353169
6.355667
6.358183
6.360719
6.363274
6.365848
6.368441
6.371053
6.373683
6.376330
6.378972
6.381436
6.383884
6.386347
6.388828
6.391327
6.393844
6.396378
6.398930
6.401499
6.404085
6.406690
6.409312
6.411951
6.414608
6.417283
6.419975
6.422685
6.425412
6.428156
6.430918
6.433698
6.436495
6.439309
6.442140
6.444989
6.447854
6.450737
6.453636
6.456553
6.459486
6.462436
6.465403
6.468386
6.471385
6.474401
6.477433
6.480480
6.483544
6.486624
6.489719
6.492829
6.495955
6.499096
6.502252
6.505423
6.508608
6.511808
6.515022
6.518249
6.521491
6.524745
6.528014
6.531295
6.534589
6.537895
6.541213
6.544544
6.547886
6.551239
6.554604
6.557979
6.561365
6.564760
6.568166
6.571580
6.575004
6.578436
6.581877
6.585325
6.588780
6.592243
6.595712
6.599188
6.602668
6.606155
6.609645
6.613141
6.616640
6.620142
6.623648
6.627156
6.630667
6.634179
6.637693
6.641209
6.644726
6.648245
6.651764
6.655285
6.658807
6.662331
6.665856
6.669383
6.672911
6.676441
6.679973
6.683507
6.687042
6.690578
6.694104
6.697528
6.700942
6.704352
6.707759
6.711162
6.714558
6.717949
6.721332
6.724707
6.728075
6.731437
6.734793
6.738148
6.741504
6.744866
6.748242
6.751641
6.755071
6.758545
6.762074
6.765671
6.769345
6.773102
6.776941
6.780852
6.784815
6.788804
6.792786
6.796729
6.800602
6.804380
6.808045
6.811584
6.814988
6.818255
6.821382
6.824372
6.827228
6.829953
6.832553
6.835033
6.837397
6.839650
6.841798
6.843845
6.845795
6.847651
6.849419
6.851100
6.852700
6.854222
6.855670
6.857048
6.858355
6.859588
6.860744
6.861818
6.862808
6.863714
6.864538
6.865286
6.865965
6.866581
6.867142
6.867629
6.868052
6.868422
6.868746
6.869031
6.869280
6.869499
6.869690
6.869856
6.870001
6.870127
6.870235
6.870329
6.870409
6.870477
6.870535
6.870584
6.870625
6.870660
6.870690
6.870715
6.870737
6.870756
6.870773
6.870788
6.870802
6.870815
6.870828
6.870841
6.870855
6.870869
6.870886
6.870905
6.870927
6.870956
6.870994
6.871045
6.871117
6.871223
6.871390
6.871635
6.871967
6.872409
6.872987
6.873735
6.874692
6.875904
6.877428
6.879330
6.881693
6.884611
6.888188
6.892545
6.897810
6.904122
6.911626
6.920470
6.930800
6.942758
6.956478
6.972098
6.989764
7.009638
7.031902
7.056748
7.084372
7.114965
7.148702
7.185739
7.226205
7.270197
7.317773
7.368950
7.423692
7.481915
7.543524
7.609897
7.679250
7.751136
7.825068
7.900483
7.976795
8.053679
8.132166
8.216570
8.307773
8.390490
8.457570
8.510594
8.551522
8.582815
8.606527
8.624443
8.638335
8.649234
8.657463
8.662726
8.665929
8.667640
8.668393
8.668660
8.668700
8.668620
8.668466
8.668250
8.667969
8.667804
8.667461
8.666915
8.666676
8.666139
8.665514
8.665207
8.664512
8.664080
8.663633
8.662781
8.662285
8.661598
8.660937
8.660228
8.659460
8.658677
8.657799
8.656901
8.655832
8.654576
8.653440
8.652297
8.650428
8.647501
8.645804
8.642381
8.635373
8.624481
