6.133606
6.133574
6.133529
6.133480
6.133436
6.133401
6.133371
6.133344
6.133319
6.133295
6.133272
6.133250
6.133228
6.133207
6.133186
6.133165
6.133145
6.133126
6.133106
6.133088
6.133069
6.133051
6.133034
6.133016
6.132999
6.132983
6.132967
6.132951
6.132936
6.132921
6.132906
6.132892
6.132878
6.132864
6.132851
6.132838
6.132825
6.132813
6.132801
6.132789
6.132777
6.132766
6.132755
6.132745
6.132734
6.132724
6.132715
6.132705
6.132696
6.132687
6.132678
6.132670
6.132662
6.132654
6.132646
6.132639
6.132632
6.132625
6.132619
6.132613
6.132607
6.132601
6.132596
6.132590
6.132586
6.132581
6.132577
6.132573
6.132570
6.132567
6.132565
6.132563
6.132561
6.132560
6.132560
6.132560
6.132561
6.132564
6.132567
6.132573
6.132580
6.132588
6.132599
6.132612
6.132626
6.132643
6.132662
6.132683
6.132707
6.132733
6.132762
6.132793
6.132827
6.132863
6.132903
6.132945
6.132990
6.133038
6.133089
6.133143
6.133201
6.133262
6.133326
6.133393
6.133464
6.133539
6.133617
6.133700
6.133786
6.133876
6.133970
6.134068
6.134170
6.134277
6.134388
6.134504
6.134625
6.134750
6.134880
6.135015
6.135155
6.135300
6.135451
6.135607
6.135768
6.135936
6.136109
6.136287
6.136472
6.136664
6.136861
6.137065
6.137276
6.137493
6.137717
6.137948
6.138187
6.138432
6.138686
6.138946
6.139215
6.139492
6.139776
6.140069
6.140371
6.140681
6.141000
6.141328
6.141665
6.142011
6.142367
6.142733
6.143110
6.143495
6.143888
6.144289
6.144700
6.145119
6.145548
6.145986
6.146434
6.146892
6.147360
6.147838
6.148327
6.148825
6.149334
6.149854
6.150385
6.150926
6.151480
6.152045
6.152623
6.153216
6.153828
6.154462
6.155132
6.155864
6.156653
6.157473
6.158316
6.159178
6.160058
6.160956
6.161872
6.162807
6.163760
6.164731
6.165720
6.166728
6.167755
6.168800
6.169863
6.170945
6.172045
6.173164
6.174301
6.175456
6.176629
6.177821
6.179030
6.180257
6.181503
6.182765
6.184046
6.185344
6.186659
6.187991
6.189341
6.190707
6.192090
6.193490
6.194906
6.196339
6.197788
6.199254
6.200735
6.202233
6.203746
6.205276
6.206821
6.208382
6.209959
6.211552
6.213160
6.214785
6.216424
6.218080
6.219751
6.221438
6.223141
6.224859
6.226593
6.228343
6.230109
6.231892
6.233690
6.235504
6.237334
6.239181
6.241044
6.242923
6.244819
6.246731
6.248660
6.250606
6.252568
6.254547
6.256543
6.258556
6.260585
6.262632
6.264696
6.266776
6.268874
6.270989
6.273121
6.275271
6.277437
6.279621
6.281822
6.284040
6.286276
6.288528
6.290798
6.293086
6.295390
6.297711
6.300050
6.302406
6.304779
6.307170
6.309577
6.312001
6.314441
6.316891
6.319323
6.321616
6.323873
6.326138
6.328418
6.330713
6.333024
6.335350
6.337691
6.340048
6.342420
6.344808
6.347210
6.349628
6.352062
6.354511
6.356975
6.359454
6.361949
6.364459
6.366985
6.369526
6.372083
6.374654
6.377242
6.379845
6.382463
6.385097
6.387746
6.390411
6.393092
6.395788
6.398500
6.401227
6.403971
6.406730
6.409504
6.412295
6.415101
6.417924
6.420762
6.423616
6.426486
6.429372
6.432275
6.435193
6.438128
6.441078
6.444046
6.447029
6.450029
6.453045
6.456078
6.459127
6.462193
6.465276
6.468375
6.471491
6.474624
6.477774
6.480941
6.484125
6.487326
6.490544
6.493779
6.497031
6.500301
6.503588
6.506892
6.510214
6.513553
6.516910
6.520284
6.523676
6.527085
6.530512
6.533957
6.537420
6.540900
6.544398
6.547914
6.551447
6.554999
6.558568
6.562155
6.565760
6.569382
6.573022
6.576680
6.580356
6.584049
6.587760
6.591488
6.595234
6.598998
6.602778
6.606577
6.610392
6.614224
6.618071
6.621919
6.625679
6.629440
6.633215
6.637006
6.640812
6.644634
6.648472
6.652325
6.656194
6.660077
6.663976
6.667889
6.671817
6.675760
6.679717
6.683687
6.687672
6.691671
6.695682
6.699707
6.703745
6.707796
6.711859
6.715935
6.720023
6.724122
6.728233
6.732355
6.736488
6.740632
6.744786
6.748950
6.753125
6.757309
6.761502
6.765705
6.769916
6.774137
6.778366
6.782604
6.786850
6.791104
6.795366
6.799637
6.803916
6.808203
6.812499
6.816804
6.821118
6.825441
6.829775
6.834120
6.838476
6.842846
6.847230
6.851629
6.856046
6.860482
6.864940
6.869422
6.873932
6.878472
6.883048
6.887662
6.892321
6.897029
6.901793
6.906620
6.911518
6.916494
6.921558
6.926721
6.931994
6.937387
6.942916
6.948593
6.954435
6.960457
6.966676
6.973111
6.979781
6.986707
6.993909
7.001409
7.009230
7.017396
7.025929
7.034853
7.044193
7.053973
7.064217
7.074949
7.086191
7.097965
7.110295
7.123199
7.136697
7.150807
7.165548
7.180961
7.197495
7.214747
7.232696
7.251348
7.270705
7.290768
7.311536
7.333001
7.355156
7.377987
7.401478
7.425608
7.450349
7.475671
7.501534
7.527894
7.554697
7.581883
7.609380
7.637109
7.664980
7.692894
7.720742
7.748410
7.775776
7.802721
7.829134
7.854924
7.880048
7.904535
7.928528
7.952244
7.975616
7.997086
8.015281
8.029413
8.039749
8.047027
8.052083
8.055608
8.057998
8.059351
8.059874
8.060092
8.060198
8.060255
8.060284
8.060297
8.060300
8.060297
8.060288
8.060275
8.060261
8.060244
8.060227
8.060209
8.060192
8.060176
8.060161
8.060149
8.060139
8.060134
8.060132
8.060137
8.060148
8.060167
8.060195
8.060234
8.060287
8.060355
8.060442
8.060552
8.060688
8.060856
8.061062
8.061312
8.061616
8.061984
8.062426
8.062954
8.063576
8.064289
8.065071
8.065886
8.066695
8.067469
8.068192
8.068855
8.069451
8.069977
8.070422
8.070777
8.071028
8.071153
8.071113
8.070838
8.070193
8.068857
8.065832
