6.133316
6.133285
6.133240
6.133191
6.133147
6.133112
6.133082
6.133055
6.133030
6.133006
6.132983
6.132960
6.132938
6.132917
6.132896
6.132875
6.132855
6.132835
6.132816
6.132797
6.132778
6.132760
6.132743
6.132725
6.132708
6.132692
6.132675
6.132660
6.132644
6.132629
6.132614
6.132600
6.132585
6.132572
6.132558
6.132545
6.132532
6.132519
6.132507
6.132495
6.132484
6.132472
6.132461
6.132450
6.132440
6.132430
6.132420
6.132410
6.132401
6.132391
6.132383
6.132374
6.132366
6.132358
6.132350
6.132342
6.132335
6.132328
6.132321
6.132315
6.132308
6.132302
6.132297
6.132291
6.132286
6.132281
6.132277
6.132273
6.132269
6.132266
6.132263
6.132260
6.132258
6.132256
6.132255
6.132254
6.132254
6.132256
6.132258
6.132261
6.132267
6.132273
6.132282
6.132293
6.132305
6.132320
6.132336
6.132355
6.132376
6.132400
6.132426
6.132454
6.132485
6.132519
6.132555
6.132594
6.132636
6.132681
6.132729
6.132780
6.132834
6.132892
6.132952
6.133016
6.133084
6.133155
6.133230
6.133308
6.133391
6.133477
6.133567
6.133662
6.133760
6.133863
6.133971
6.134083
6.134199
6.134320
6.134446
6.134577
6.134713
6.134854
6.135001
6.135153
6.135310
6.135473
6.135642
6.135817
6.135998
6.136185
6.136378
6.136578
6.136784
6.136998
6.137218
6.137445
6.137679
6.137922
6.138170
6.138427
6.138693
6.138966
6.139247
6.139535
6.139833
6.140139
6.140455
6.140779
6.141113
6.141456
6.141808
6.142171
6.142544
6.142928
6.143319
6.143719
6.144128
6.144546
6.144973
6.145410
6.145858
6.146315
6.146782
6.147259
6.147747
6.148245
6.148754
6.149273
6.149804
6.150346
6.150899
6.151465
6.152044
6.152638
6.153251
6.153887
6.154557
6.155290
6.156080
6.156902
6.157746
6.158609
6.159492
6.160392
6.161311
6.162249
6.163205
6.164179
6.165172
6.166184
6.167214
6.168263
6.169330
6.170416
6.171521
6.172643
6.173785
6.174944
6.176121
6.177317
6.178530
6.179762
6.181011
6.182277
6.183561
6.184862
6.186180
6.187515
6.188867
6.190236
6.191621
6.193023
6.194441
6.195875
6.197325
6.198791
6.200273
6.201770
6.203284
6.204813
6.206357
6.207918
6.209493
6.211084
6.212691
6.214313
6.215951
6.217604
6.219273
6.220958
6.222658
6.224373
6.226105
6.227852
6.229616
6.231395
6.233190
6.235002
6.236829
6.238673
6.240533
6.242410
6.244303
6.246213
6.248139
6.250083
6.252043
6.254020
6.256014
6.258024
6.260052
6.262097
6.264160
6.266239
6.268336
6.270449
6.272581
6.274729
6.276895
6.279078
6.281278
6.283496
6.285731
6.287983
6.290253
6.292540
6.294844
6.297166
6.299505
6.301861
6.304234
6.306625
6.309032
6.311457
6.313897
6.316347
6.318779
6.321072
6.323329
6.325594
6.327875
6.330170
6.332481
6.334807
6.337149
6.339506
6.341878
6.344266
6.346669
6.349087
6.351521
6.353970
6.356434
6.358914
6.361409
6.363919
6.366445
6.368986
6.371543
6.374115
6.376702
6.379305
6.381924
6.384558
6.387207
6.389872
6.392553
6.395249
6.397961
6.400688
6.403431
6.406190
6.408965
6.411755
6.414562
6.417384
6.420222
6.423076
6.425946
6.428832
6.431734
6.434652
6.437586
6.440537
6.443504
6.446487
6.449486
6.452502
6.455535
6.458584
6.461649
6.464732
6.467831
6.470947
6.474079
6.477229
6.480395
6.483579
6.486780
6.489998
6.493233
6.496485
6.499755
6.503042
6.506346
6.509668
6.513008
6.516365
6.519740
6.523132
6.526542
6.529970
6.533416
6.536879
6.540361
6.543860
6.547377
6.550912
6.554465
6.558036
6.561625
6.565232
6.568857
6.572499
6.576160
6.579838
6.583534
6.587248
6.590980
6.594729
6.598496
6.602281
6.606083
6.609903
6.613739
6.617591
6.621443
6.625209
6.628975
6.632755
6.636551
6.640363
6.644191
6.648035
6.651895
6.655770
6.659660
6.663565
6.667486
6.671422
6.675372
6.679336
6.683315
6.687308
6.691315
6.695336
6.699370
6.703417
6.707477
6.711550
6.715635
6.719733
6.723842
6.727963
6.732095
6.736238
6.740392
6.744557
6.748732
6.752917
6.757112
6.761316
6.765530
6.769752
6.773982
6.778222
6.782469
6.786724
6.790987
6.795257
6.799535
6.803821
6.808113
6.812413
6.816721
6.821036
6.825359
6.829690
6.834030
6.838379
6.842738
6.847108
6.851489
6.855884
6.860293
6.864719
6.869164
6.873628
6.878117
6.882631
6.887177
6.891756
6.896375
6.901038
6.905751
6.910521
6.915356
6.920264
6.925252
6.930333
6.935518
6.940818
6.946247
6.951820
6.957551
6.963459
6.969562
6.975877
6.982428
6.989236
6.996323
7.003713
7.011431
7.019502
7.027953
7.036812
7.046103
7.055855
7.066095
7.076849
7.088144
7.100006
7.112459
7.125525
7.139229
7.153591
7.168659
7.184874
7.201848
7.219566
7.238034
7.257260
7.277246
7.297992
7.319495
7.341747
7.364739
7.388456
7.412880
7.437991
7.463762
7.490164
7.517163
7.544722
7.572794
7.601330
7.630269
7.659543
7.689071
7.718761
7.748504
7.778181
7.807664
7.836823
7.865550
7.893772
7.921481
7.948709
7.975435
8.001372
8.025793
8.047425
8.065819
8.080995
8.093133
8.102442
8.109362
8.114513
8.118226
8.120747
8.122178
8.122535
8.122618
8.122638
8.122634
8.122614
8.122588
8.122545
8.122505
8.122452
8.122412
8.122356
8.122290
8.122247
8.122197
8.122122
8.122043
8.121964
8.121886
8.121815
8.121735
8.121650
8.121560
8.121464
8.121357
8.121245
8.121124
8.120995
8.120858
8.120712
8.120552
8.120377
8.120186
8.119972
8.119738
8.119483
8.119205
8.118900
8.118571
8.118208
8.117806
8.117361
8.116866
8.116309
8.115672
8.114947
8.114116
8.113160
8.112105
8.110966
8.109605
8.107979
8.105981
8.103438
8.099917
8.094012
