6.166490
6.166459
6.166415
6.166367
6.166324
6.166290
6.166261
6.166235
6.166211
6.166188
6.166165
6.166143
6.166122
6.166102
6.166082
6.166062
6.166043
6.166024
6.166005
6.165987
6.165970
6.165953
6.165936
6.165919
6.165903
6.165888
6.165872
6.165857
6.165843
6.165829
6.165815
6.165801
6.165788
6.165775
6.165763
6.165751
6.165739
6.165727
6.165716
6.165705
6.165694
6.165684
6.165674
6.165664
6.165655
6.165646
6.165637
6.165629
6.165620
6.165612
6.165605
6.165598
6.165591
6.165584
6.165577
6.165571
6.165565
6.165560
6.165555
6.165550
6.165546
6.165541
6.165538
6.165534
6.165531
6.165529
6.165527
6.165525
6.165524
6.165524
6.165524
6.165525
6.165526
6.165529
6.165532
6.165536
6.165541
6.165548
6.165557
6.165567
6.165580
6.165595
6.165612
6.165632
6.165655
6.165680
6.165709
6.165741
6.165777
6.165816
6.165859
6.165906
6.165957
6.166012
6.166072
6.166136
6.166205
6.166279
6.166357
6.166441
6.166530
6.166624
6.166724
6.166830
6.166941
6.167058
6.167182
6.167311
6.167447
6.167590
6.167739
6.167895
6.168057
6.168227
6.168405
6.168590
6.168781
6.168977
6.169180
6.169390
6.169606
6.169830
6.170061
6.170299
6.170545
6.170799
6.171061
6.171330
6.171608
6.171894
6.172188
6.172491
6.172803
6.173123
6.173453
6.173791
6.174138
6.174495
6.174862
6.175237
6.175623
6.176018
6.176423
6.176838
6.177263
6.177699
6.178145
6.178601
6.179068
6.179546
6.180034
6.180533
6.181043
6.181565
6.182097
6.182641
6.183196
6.183762
6.184340
6.184929
6.185530
6.186142
6.186766
6.187402
6.188049
6.188708
6.189379
6.190062
6.190757
6.191464
6.192183
6.192914
6.193656
6.194413
6.195188
6.195992
6.196852
6.197865
6.198937
6.200035
6.201151
6.202285
6.203435
6.204603
6.205786
6.206986
6.208202
6.209433
6.210680
6.211942
6.213220
6.214512
6.215818
6.217139
6.218475
6.219824
6.221187
6.222563
6.223953
6.225356
6.226772
6.228201
6.229644
6.231098
6.232566
6.234047
6.235540
6.237045
6.238564
6.240095
6.241639
6.243195
6.244765
6.246347
6.247942
6.249551
6.251172
6.252807
6.254456
6.256117
6.257793
6.259482
6.261186
6.262903
6.264635
6.266381
6.268141
6.269917
6.271707
6.273512
6.275333
6.277168
6.279020
6.280886
6.282769
6.284667
6.286581
6.288512
6.290458
6.292422
6.294401
6.296397
6.298410
6.300440
6.302487
6.304552
6.306633
6.308732
6.310848
6.312982
6.315134
6.317303
6.319490
6.321695
6.323919
6.326160
6.328420
6.330698
6.332994
6.335309
6.337643
6.339995
6.342365
6.344755
6.347163
6.349591
6.352037
6.354502
6.356986
6.359490
6.362012
6.364554
6.367115
6.369695
6.372293
6.374909
6.377521
6.379941
6.382354
6.384783
6.387229
6.389693
6.392174
6.394672
6.397189
6.399723
6.402275
6.404844
6.407431
6.410036
6.412659
6.415299
6.417957
6.420633
6.423326
6.426037
6.428766
6.431512
6.434276
6.437057
6.439856
6.442673
6.445507
6.448358
6.451227
6.454113
6.457016
6.459936
6.462874
6.465828
6.468799
6.471787
6.474791
6.477812
6.480849
6.483903
6.486973
6.490059
6.493160
6.496278
6.499411
6.502559
6.505722
6.508901
6.512094
6.515302
6.518524
6.521761
6.525011
6.528276
6.531554
6.534845
6.538150
6.541467
6.544797
6.548139
6.551493
6.554859
6.558235
6.561623
6.565022
6.568431
6.571850
6.575279
6.578717
6.582164
6.585620
6.589083
6.592555
6.596034
6.599519
6.603011
6.606509
6.610013
6.613521
6.617035
6.620552
6.624074
6.627600
6.631129
6.634661
6.638196
6.641734
6.645275
6.648818
6.652364
6.655913
6.659464
6.663019
6.666577
6.670138
6.673702
6.677269
6.680839
6.684412
6.687986
6.691552
6.695002
6.698443
6.701880
6.705313
6.708741
6.712162
6.715573
6.718975
6.722364
6.725739
6.729100
6.732445
6.735771
6.739080
6.742368
6.745636
6.748881
6.752103
6.755301
6.758472
6.761615
6.764728
6.767810
6.770858
6.773870
6.776843
6.779777
6.782668
6.785514
6.788315
6.791069
6.793775
6.796432
6.799039
6.801599
6.804112
6.806581
6.809009
6.811401
6.813761
6.816094
6.818407
6.820705
6.822993
6.825278
6.827565
6.829858
6.832163
6.834483
6.836825
6.839194
6.841602
6.844064
6.846601
6.849238
6.851992
6.854862
6.857814
6.860790
6.863718
6.866532
6.869185
6.871651
6.873919
6.875992
6.877880
6.879602
6.881176
6.882610
6.883902
6.885044
6.886042
6.886911
6.887667
6.888329
6.888913
6.889423
6.889849
6.890212
6.890524
6.890795
6.891031
6.891238
6.891421
6.891582
6.891726
6.891856
6.891973
6.892081
6.892181
6.892276
6.892366
6.892455
6.892544
6.892636
6.892733
6.892838
6.892955
6.893089
6.893248
6.893442
6.893687
6.894016
6.894437
6.894961
6.895608
6.896402
6.897372
6.898552
6.899992
6.901750
6.903898
6.906523
6.909726
6.913622
6.918340
6.924020
6.930812
6.938871
6.948356
6.959418
6.972202
6.986848
7.003505
7.022337
7.043530
7.067292
7.093837
7.123378
7.156115
7.192222
7.231833
7.275034
7.321854
7.372251
7.426113
7.483248
7.543392
7.606209
7.671347
7.739530
7.809100
7.879438
7.949947
8.020023
8.089068
8.156507
8.221791
8.284396
8.343787
8.399394
8.450657
8.497170
8.536938
8.571179
8.600743
8.626761
8.648928
8.660472
8.661866
8.661866
8.661775
8.661590
8.661469
8.661216
8.660929
8.660724
8.660456
8.660169
8.659860
8.659530
8.659178
8.658805
8.658410
8.657994
8.657556
8.657097
8.656617
8.656113
8.655587
8.655037
8.654461
8.653857
8.653224
8.652557
8.651854
8.651107
8.650309
8.649450
8.648514
8.647480
8.646318
8.644981
8.643400
8.641515
8.639344
8.634504
8.630197
8.619011
