6.134303
6.134270
6.134225
6.134176
6.134132
6.134097
6.134068
6.134041
6.134016
6.133993
6.133970
6.133949
6.133928
6.133907
6.133887
6.133867
6.133848
6.133830
6.133812
6.133794
6.133777
6.133760
6.133744
6.133728
6.133712
6.133697
6.133682
6.133668
6.133654
6.133641
6.133628
6.133615
6.133603
6.133591
6.133579
6.133568
6.133557
6.133547
6.133537
6.133527
6.133517
6.133508
6.133499
6.133491
6.133483
6.133475
6.133468
6.133461
6.133455
6.133449
6.133443
6.133437
6.133432
6.133428
6.133424
6.133420
6.133417
6.133415
6.133413
6.133412
6.133412
6.133412
6.133413
6.133416
6.133419
6.133424
6.133430
6.133436
6.133445
6.133454
6.133464
6.133476
6.133489
6.133504
6.133520
6.133537
6.133556
6.133579
6.133604
6.133632
6.133663
6.133696
6.133732
6.133771
6.133812
6.133855
6.133902
6.133951
6.134003
6.134058
6.134116
6.134177
6.134241
6.134309
6.134379
6.134453
6.134531
6.134611
6.134696
6.134783
6.134875
6.134970
6.135069
6.135172
6.135278
6.135389
6.135504
6.135623
6.135746
6.135873
6.136005
6.136141
6.136282
6.136428
6.136578
6.136733
6.136893
6.137058
6.137227
6.137403
6.137583
6.137768
6.137960
6.138156
6.138358
6.138566
6.138780
6.139000
6.139226
6.139458
6.139696
6.139940
6.140191
6.140448
6.140712
6.140983
6.141261
6.141546
6.141837
6.142136
6.142443
6.142756
6.143078
6.143407
6.143743
6.144088
6.144440
6.144801
6.145170
6.145547
6.145933
6.146327
6.146730
6.147142
6.147563
6.147993
6.148432
6.148880
6.149338
6.149805
6.150282
6.150769
6.151265
6.151772
6.152289
6.152818
6.153357
6.153904
6.154459
6.155025
6.155601
6.156188
6.156788
6.157401
6.158032
6.158684
6.159367
6.160104
6.160884
6.161698
6.162539
6.163402
6.164284
6.165184
6.166101
6.167035
6.167984
6.168951
6.169933
6.170932
6.171948
6.172980
6.174029
6.175096
6.176179
6.177279
6.178396
6.179530
6.180682
6.181851
6.183038
6.184242
6.185463
6.186702
6.187959
6.189233
6.190525
6.191835
6.193164
6.194510
6.195874
6.197256
6.198657
6.200075
6.201510
6.202964
6.204436
6.205925
6.207432
6.208956
6.210498
6.212057
6.213634
6.215229
6.216841
6.218470
6.220116
6.221780
6.223460
6.225158
6.226874
6.228606
6.230355
6.232121
6.233905
6.235705
6.237522
6.239356
6.241207
6.243075
6.244959
6.246860
6.248778
6.250713
6.252665
6.254633
6.256618
6.258620
6.260638
6.262673
6.264725
6.266793
6.268878
6.270980
6.273098
6.275233
6.277385
6.279553
6.281738
6.283940
6.286158
6.288393
6.290644
6.292913
6.295198
6.297500
6.299818
6.302153
6.304505
6.306873
6.309259
6.311660
6.314079
6.316514
6.318963
6.321420
6.323852
6.326171
6.328452
6.330728
6.333017
6.335321
6.337641
6.339975
6.342325
6.344690
6.347070
6.349466
6.351877
6.354303
6.356745
6.359202
6.361675
6.364163
6.366667
6.369186
6.371720
6.374270
6.376836
6.379417
6.382013
6.384625
6.387253
6.389897
6.392556
6.395230
6.397921
6.400627
6.403349
6.406087
6.408840
6.411610
6.414395
6.417196
6.420013
6.422846
6.425695
6.428559
6.431440
6.434337
6.437250
6.440179
6.443125
6.446086
6.449064
6.452057
6.455068
6.458094
6.461136
6.464195
6.467271
6.470362
6.473470
6.476595
6.479735
6.482893
6.486066
6.489257
6.492463
6.495687
6.498926
6.502183
6.505455
6.508745
6.512051
6.515373
6.518712
6.522068
6.525440
6.528828
6.532233
6.535655
6.539093
6.542548
6.546019
6.549506
6.553010
6.556530
6.560067
6.563619
6.567188
6.570773
6.574375
6.577992
6.581625
6.585275
6.588940
6.592621
6.596318
6.600030
6.603758
6.607502
6.611261
6.615035
6.618824
6.622624
6.626421
6.630138
6.633851
6.637574
6.641312
6.645063
6.648828
6.652608
6.656401
6.660208
6.664029
6.667863
6.671711
6.675573
6.679449
6.683338
6.687240
6.691157
6.695087
6.699031
6.702988
6.706960
6.710946
6.714946
6.718961
6.722991
6.727036
6.731097
6.735174
6.739267
6.743378
6.747506
6.751653
6.755819
6.760006
6.764215
6.768445
6.772700
6.776980
6.781287
6.785622
6.789988
6.794386
6.798818
6.803288
6.807798
6.812350
6.816947
6.821594
6.826293
6.831048
6.835864
6.840745
6.845695
6.850719
6.855824
6.861014
6.866295
6.871675
6.877159
6.882755
6.888469
6.894311
6.900288
6.906408
6.912680
6.919114
6.925719
6.932505
6.939483
6.946662
6.954053
6.961669
6.969519
6.977617
6.985973
6.994599
7.003509
7.012715
7.022228
7.032062
7.042230
7.052742
7.063610
7.074845
7.086457
7.098451
7.110835
7.123609
7.136774
7.150323
7.164246
7.178530
7.193152
7.208088
7.223309
7.238788
7.254499
7.270429
7.286588
7.303042
7.320184
7.337733
7.355670
7.373892
7.392126
7.409946
7.426878
7.442516
7.456593
7.468957
7.479476
7.488325
7.495691
7.501855
7.507014
7.511319
7.514891
7.517446
7.519231
7.520366
7.520920
7.521127
7.521189
7.521189
7.521157
7.521107
7.521044
7.520956
7.520868
7.520811
7.520659
7.520583
7.520448
7.520297
7.520214
7.520030
7.519914
7.519808
7.519667
7.519516
7.519378
7.519244
7.519109
7.518971
7.518830
7.518688
7.518544
7.518400
7.518257
7.518117
7.517982
7.517853
7.517725
7.517587
7.517429
7.517266
7.517142
7.517039
7.516945
7.516817
7.516670
7.516533
7.516429
7.516352
7.516271
7.516168
7.516080
7.516012
7.515949
7.515896
7.515854
7.515827
7.515815
7.515822
7.515852
7.515909
7.515999
7.516130
7.516309
7.516546
7.516849
7.517227
7.517687
7.518236
7.518880
7.519624
7.520469
7.521418
7.522472
7.523638
7.524848
7.526031
7.526870
7.527121
7.526953
7.526313
7.524964
7.522453
7.517614
