6.168547
6.168516
6.168473
6.168425
6.168382
6.168349
6.168320
6.168294
6.168269
6.168246
6.168224
6.168202
6.168181
6.168161
6.168141
6.168121
6.168102
6.168084
6.168065
6.168047
6.168030
6.168013
6.167996
6.167980
6.167964
6.167949
6.167934
6.167919
6.167905
6.167890
6.167877
6.167864
6.167851
6.167838
6.167826
6.167814
6.167802
6.167791
6.167780
6.167769
6.167759
6.167749
6.167739
6.167730
6.167721
6.167712
6.167703
6.167695
6.167687
6.167680
6.167672
6.167665
6.167659
6.167652
6.167646
6.167641
6.167635
6.167630
6.167626
6.167621
6.167617
6.167614
6.167611
6.167608
6.167606
6.167604
6.167603
6.167602
6.167602
6.167602
6.167603
6.167605
6.167608
6.167612
6.167617
6.167622
6.167629
6.167638
6.167648
6.167661
6.167676
6.167694
6.167715
6.167738
6.167764
6.167794
6.167826
6.167863
6.167903
6.167946
6.167994
6.168046
6.168102
6.168163
6.168228
6.168298
6.168373
6.168452
6.168538
6.168628
6.168724
6.168826
6.168934
6.169047
6.169167
6.169294
6.169426
6.169566
6.169712
6.169865
6.170026
6.170194
6.170370
6.170553
6.170742
6.170938
6.171140
6.171350
6.171567
6.171791
6.172023
6.172263
6.172511
6.172768
6.173033
6.173306
6.173588
6.173879
6.174179
6.174487
6.174806
6.175133
6.175470
6.175817
6.176174
6.176540
6.176917
6.177304
6.177701
6.178109
6.178528
6.178957
6.179397
6.179848
6.180311
6.180784
6.181269
6.181765
6.182273
6.182792
6.183324
6.183866
6.184421
6.184988
6.185566
6.186157
6.186760
6.187375
6.188002
6.188641
6.189293
6.189957
6.190633
6.191322
6.192023
6.192736
6.193461
6.194199
6.194949
6.195711
6.196486
6.197272
6.198070
6.198881
6.199710
6.200570
6.201489
6.202579
6.203732
6.204909
6.206104
6.207317
6.208547
6.209793
6.211055
6.212333
6.213628
6.214938
6.216263
6.217604
6.218959
6.220330
6.221715
6.223114
6.224528
6.225955
6.227397
6.228852
6.230321
6.231803
6.233298
6.234807
6.236329
6.237865
6.239413
6.240975
6.242549
6.244137
6.245737
6.247350
6.248977
6.250616
6.252268
6.253934
6.255612
6.257304
6.259008
6.260726
6.262457
6.264202
6.265959
6.267730
6.269515
6.271313
6.273124
6.274949
6.276788
6.278640
6.280506
6.282385
6.284278
6.286185
6.288105
6.290039
6.291987
6.293949
6.295924
6.297913
6.299916
6.301933
6.303963
6.306007
6.308065
6.310137
6.312222
6.314321
6.316434
6.318560
6.320701
6.322854
6.325022
6.327203
6.329398
6.331607
6.333829
6.336065
6.338315
6.340578
6.342855
6.345146
6.347450
6.349768
6.352100
6.354446
6.356805
6.359178
6.361565
6.363966
6.366381
6.368810
6.371253
6.373711
6.376182
6.378667
6.381167
6.383678
6.386183
6.388512
6.390832
6.393162
6.395506
6.397863
6.400233
6.402616
6.405013
6.407422
6.409845
6.412281
6.414730
6.417192
6.419667
6.422156
6.424657
6.427171
6.429699
6.432239
6.434793
6.437360
6.439940
6.442534
6.445140
6.447760
6.450393
6.453039
6.455699
6.458372
6.461058
6.463758
6.466472
6.469198
6.471939
6.474693
6.477460
6.480241
6.483035
6.485844
6.488665
6.491501
6.494350
6.497212
6.500089
6.502978
6.505882
6.508799
6.511729
6.514673
6.517630
6.520601
6.523584
6.526581
6.529591
6.532614
6.535650
6.538699
6.541760
6.544833
6.547919
6.551017
6.554127
6.557249
6.560382
6.563526
6.566681
6.569847
6.573023
6.576209
6.579404
6.582609
6.585823
6.589045
6.592275
6.595514
6.598759
6.602011
6.605269
6.608533
6.611801
6.615075
6.618352
6.621633
6.624916
6.628201
6.631488
6.634776
6.638064
6.641351
6.644636
6.647920
6.651201
6.654478
6.657752
6.661020
6.664284
6.667541
6.670791
6.674034
6.677261
6.680386
6.683496
6.686597
6.689690
6.692773
6.695848
6.698914
6.701972
6.705021
6.708061
6.711092
6.714116
6.717131
6.720138
6.723136
6.726127
6.729109
6.732084
6.735050
6.738007
6.740955
6.743894
6.746823
6.749740
6.752645
6.755537
6.758415
6.761278
6.764124
6.766952
6.769761
6.772550
6.775317
6.778063
6.780786
6.783484
6.786158
6.788805
6.791425
6.794016
6.796578
6.799110
6.801613
6.804086
6.806533
6.808954
6.811354
6.813735
6.816103
6.818461
6.820815
6.823169
6.825525
6.827887
6.830254
6.832626
6.835001
6.837374
6.839742
6.842099
6.844437
6.846749
6.849030
6.851270
6.853463
6.855602
6.857682
6.859696
6.861640
6.863510
6.865301
6.867012
6.868641
6.870186
6.871648
6.873026
6.874322
6.875537
6.876675
6.877738
6.878731
6.879657
6.880521
6.881328
6.882085
6.882795
6.883466
6.884101
6.884707
6.885289
6.885852
6.886402
6.886943
6.887481
6.888020
6.888566
6.889126
6.889704
6.890311
6.890956
6.891673
6.892465
6.893358
6.894388
6.895598
6.897041
6.898778
6.900883
6.903437
6.906533
6.910271
6.914762
6.920123
6.926477
6.933950
6.942674
6.952780
6.964397
6.977652
6.992666
7.009552
7.028411
7.049335
7.072402
7.097683
7.125236
7.155118
7.187384
7.222097
7.259333
7.299186
7.341773
7.387233
7.435709
7.487319
7.542122
7.600065
7.660950
7.724421
7.790024
7.858839
7.928424
7.997978
8.066778
8.134165
8.199576
8.262554
8.322779
8.380145
8.435017
8.488534
8.540857
8.586278
8.622501
8.650672
8.672226
8.688363
8.700073
8.708366
8.713928
8.716628
8.716825
8.716772
8.716625
8.716510
8.716212
8.716040
8.715722
8.715450
8.715167
8.714849
8.714508
8.714143
8.713755
8.713343
8.712908
8.712449
8.711966
8.711459
8.710927
8.710370
8.709786
8.709174
8.708532
8.707857
8.707146
8.706395
8.705598
8.704746
8.703829
8.702834
8.701742
8.700524
8.699132
8.697486
8.695431
8.692059
8.688646
8.679758
