6.133316
6.133285
6.133240
6.133191
6.133147
6.133112
6.133082
6.133055
6.133030
6.133006
6.132983
6.132960
6.132938
6.132917
6.132896
6.132875
6.132855
6.132835
6.132816
6.132797
6.132778
6.132760
6.132743
6.132725
6.132708
6.132692
6.132675
6.132660
6.132644
6.132629
6.132614
6.132600
6.132585
6.132572
6.132558
6.132545
6.132532
6.132519
6.132507
6.132495
6.132484
6.132472
6.132461
6.132450
6.132440
6.132430
6.132420
6.132410
6.132401
6.132391
6.132383
6.132374
6.132366
6.132358
6.132350
6.132342
6.132335
6.132328
6.132321
6.132315
6.132308
6.132302
6.132297
6.132291
6.132286
6.132282
6.132277
6.132273
6.132269
6.132266
6.132263
6.132260
6.132258
6.132256
6.132255
6.132255
6.132255
6.132256
6.132258
6.132262
6.132268
6.132275
6.132283
6.132294
6.132307
6.132321
6.132338
6.132357
6.132378
6.132402
6.132428
6.132457
6.132488
6.132521
6.132558
6.132597
6.132639
6.132685
6.132733
6.132784
6.132838
6.132896
6.132956
6.133021
6.133089
6.133160
6.133235
6.133314
6.133396
6.133483
6.133573
6.133668
6.133767
6.133870
6.133977
6.134089
6.134206
6.134327
6.134453
6.134584
6.134720
6.134862
6.135008
6.135160
6.135318
6.135481
6.135650
6.135825
6.136006
6.136193
6.136387
6.136587
6.136793
6.137007
6.137227
6.137454
6.137689
6.137930
6.138180
6.138437
6.138701
6.138974
6.139255
6.139544
6.139842
6.140148
6.140463
6.140787
6.141120
6.141463
6.141815
6.142176
6.142547
6.142929
6.143323
6.143725
6.144135
6.144555
6.144983
6.145421
6.145868
6.146326
6.146793
6.147272
6.147760
6.148259
6.148768
6.149288
6.149820
6.150362
6.150917
6.151483
6.152063
6.152659
6.153273
6.153910
6.154581
6.155313
6.156102
6.156921
6.157764
6.158627
6.159509
6.160409
6.161328
6.162265
6.163220
6.164194
6.165187
6.166198
6.167228
6.168277
6.169344
6.170429
6.171534
6.172656
6.173797
6.174956
6.176134
6.177329
6.178542
6.179774
6.181022
6.182289
6.183573
6.184874
6.186192
6.187526
6.188879
6.190246
6.191631
6.193033
6.194451
6.195885
6.197335
6.198801
6.200283
6.201780
6.203294
6.204823
6.206367
6.207928
6.209503
6.211096
6.212701
6.214325
6.215961
6.217615
6.219285
6.220969
6.222669
6.224385
6.226117
6.227864
6.229628
6.231407
6.233203
6.235014
6.236842
6.238686
6.240546
6.242423
6.244316
6.246226
6.248153
6.250096
6.252056
6.254033
6.256027
6.258038
6.260066
6.262111
6.264174
6.266253
6.268350
6.270464
6.272595
6.274743
6.276909
6.279092
6.281293
6.283510
6.285746
6.287998
6.290268
6.292555
6.294859
6.297181
6.299520
6.301876
6.304249
6.306639
6.309047
6.311471
6.313912
6.316362
6.318793
6.321086
6.323344
6.325611
6.327890
6.330186
6.332496
6.334823
6.337164
6.339521
6.341893
6.344281
6.346684
6.349102
6.351536
6.353985
6.356449
6.358929
6.361424
6.363934
6.366460
6.369001
6.371558
6.374130
6.376718
6.379321
6.381939
6.384573
6.387222
6.389887
6.392568
6.395264
6.397976
6.400704
6.403447
6.406206
6.408980
6.411771
6.414577
6.417399
6.420237
6.423091
6.425961
6.428847
6.431750
6.434668
6.437602
6.440553
6.443520
6.446503
6.449502
6.452519
6.455551
6.458600
6.461666
6.464748
6.467847
6.470963
6.474096
6.477245
6.480412
6.483596
6.486796
6.490014
6.493249
6.496502
6.499772
6.503059
6.506363
6.509685
6.513025
6.516382
6.519757
6.523149
6.526559
6.529987
6.533433
6.536897
6.540378
6.543877
6.547394
6.550929
6.554482
6.558053
6.561642
6.565249
6.568874
6.572516
6.576177
6.579855
6.583551
6.587265
6.590997
6.594746
6.598513
6.602298
6.606100
6.609919
6.613756
6.617607
6.621459
6.625224
6.628991
6.632771
6.636567
6.640378
6.644206
6.648050
6.651909
6.655784
6.659674
6.663579
6.667500
6.671435
6.675385
6.679349
6.683328
6.687321
6.691327
6.695348
6.699381
6.703428
6.707488
6.711560
6.715645
6.719742
6.723851
6.727972
6.732104
6.736247
6.740401
6.744565
6.748740
6.752925
6.757119
6.761323
6.765536
6.769758
6.773988
6.778227
6.782474
6.786729
6.790991
6.795262
6.799538
6.803823
6.808116
6.812416
6.816723
6.821038
6.825361
6.829693
6.834033
6.838383
6.842741
6.847112
6.851494
6.855889
6.860300
6.864726
6.869171
6.873637
6.878128
6.882645
6.887192
6.891776
6.896397
6.901064
6.905781
6.910556
6.915396
6.920309
6.925304
6.930393
6.935585
6.940893
6.946332
6.951915
6.957658
6.963577
6.969693
6.976023
6.982589
6.989412
6.996515
7.003923
7.011658
7.019749
7.028219
7.037096
7.046408
7.056180
7.066441
7.077215
7.088530
7.100411
7.112882
7.125968
7.139688
7.154067
7.169150
7.185379
7.202365
7.220093
7.238569
7.257800
7.277790
7.298536
7.320037
7.342284
7.365268
7.388973
7.413382
7.438471
7.464216
7.490585
7.517541
7.545046
7.573052
7.601506
7.630349
7.659516
7.688936
7.718532
7.748226
7.777934
7.807575
7.837066
7.866312
7.895192
7.923533
7.951062
7.977340
8.001645
8.023012
8.041035
8.055887
8.067788
8.076991
8.083456
8.087504
8.089602
8.090151
8.090045
8.089884
8.089778
8.089730
8.089705
8.089682
8.089656
8.089635
8.089596
8.089565
8.089530
8.089505
8.089482
8.089460
8.089430
8.089411
8.089391
8.089374
8.089362
8.089355
8.089365
8.089373
8.089397
8.089438
8.089496
8.089575
8.089677
8.089806
8.089974
8.090181
8.090431
8.090734
8.091097
8.091529
8.092041
8.092648
8.093370
8.094242
8.095331
8.096806
8.098910
8.101897
8.105249
8.107806
8.109713
8.111161
8.112294
8.113163
8.113783
8.114266
8.114713
8.114895
8.114831
8.114472
8.113772
8.112516
8.109754
