6.135286
6.135254
6.135209
6.135160
6.135116
6.135082
6.135054
6.135028
6.135005
6.134983
6.134963
6.134943
6.134924
6.134905
6.134888
6.134871
6.134854
6.134839
6.134824
6.134809
6.134795
6.134782
6.134769
6.134757
6.134745
6.134734
6.134724
6.134714
6.134705
6.134697
6.134689
6.134681
6.134675
6.134669
6.134664
6.134659
6.134655
6.134653
6.134651
6.134649
6.134649
6.134650
6.134652
6.134656
6.134660
6.134665
6.134672
6.134680
6.134689
6.134700
6.134711
6.134724
6.134738
6.134753
6.134770
6.134788
6.134807
6.134828
6.134850
6.134873
6.134898
6.134924
6.134952
6.134981
6.135011
6.135043
6.135077
6.135112
6.135148
6.135187
6.135226
6.135268
6.135311
6.135355
6.135402
6.135450
6.135501
6.135562
6.135627
6.135697
6.135770
6.135846
6.135925
6.136006
6.136091
6.136179
6.136270
6.136364
6.136462
6.136562
6.136667
6.136774
6.136885
6.137000
6.137119
6.137241
6.137367
6.137496
6.137630
6.137767
6.137909
6.138054
6.138204
6.138358
6.138516
6.138678
6.138845
6.139016
6.139192
6.139372
6.139557
6.139747
6.139941
6.140140
6.140345
6.140554
6.140768
6.140988
6.141213
6.141443
6.141678
6.141919
6.142166
6.142418
6.142676
6.142940
6.143209
6.143485
6.143766
6.144054
6.144348
6.144648
6.144955
6.145268
6.145587
6.145913
6.146246
6.146586
6.146933
6.147286
6.147647
6.148015
6.148390
6.148773
6.149163
6.149561
6.149966
6.150379
6.150800
6.151229
6.151665
6.152110
6.152564
6.153025
6.153495
6.153973
6.154460
6.154956
6.155461
6.155974
6.156497
6.157028
6.157569
6.158119
6.158679
6.159248
6.159827
6.160415
6.161013
6.161621
6.162240
6.162868
6.163507
6.164157
6.164819
6.165499
6.166256
6.167064
6.167906
6.168774
6.169665
6.170576
6.171503
6.172446
6.173405
6.174379
6.175367
6.176371
6.177389
6.178421
6.179469
6.180532
6.181610
6.182703
6.183812
6.184936
6.186075
6.187230
6.188401
6.189588
6.190791
6.192009
6.193244
6.194495
6.195762
6.197045
6.198345
6.199662
6.200995
6.202344
6.203711
6.205094
6.206494
6.207911
6.209344
6.210795
6.212263
6.213748
6.215250
6.216769
6.218305
6.219858
6.221429
6.223016
6.224622
6.226244
6.227884
6.229540
6.231215
6.232906
6.234615
6.236341
6.238085
6.239846
6.241624
6.243419
6.245232
6.247062
6.248910
6.250775
6.252658
6.254559
6.256477
6.258413
6.260366
6.262336
6.264325
6.266330
6.268354
6.270394
6.272452
6.274527
6.276620
6.278730
6.280858
6.283002
6.285164
6.287344
6.289540
6.291754
6.293985
6.296234
6.298499
6.300781
6.303081
6.305398
6.307732
6.310082
6.312450
6.314835
6.317237
6.319656
6.322091
6.324543
6.327008
6.329478
6.331922
6.334276
6.336597
6.338908
6.341223
6.343550
6.345889
6.348243
6.350611
6.352995
6.355393
6.357807
6.360236
6.362680
6.365139
6.367613
6.370102
6.372607
6.375126
6.377661
6.380212
6.382777
6.385358
6.387954
6.390565
6.393191
6.395833
6.398490
6.401163
6.403850
6.406554
6.409272
6.412006
6.414755
6.417519
6.420299
6.423094
6.425905
6.428731
6.431572
6.434429
6.437301
6.440188
6.443091
6.446009
6.448943
6.451892
6.454856
6.457836
6.460831
6.463842
6.466868
6.469910
6.472967
6.476039
6.479127
6.482231
6.485350
6.488485
6.491635
6.494801
6.497982
6.501179
6.504392
6.507621
6.510866
6.514126
6.517403
6.520696
6.524005
6.527331
6.530673
6.534032
6.537408
6.540802
6.544213
6.547641
6.551088
6.554554
6.558039
6.561543
6.565067
6.568612
6.572178
6.575766
6.579377
6.583012
6.586672
6.590357
6.594069
6.597809
6.601579
6.605380
6.609214
6.613082
6.616986
6.620928
6.624910
6.628934
6.632997
6.637084
6.641126
6.645198
6.649317
6.653492
6.657724
6.662019
6.666379
6.670806
6.675305
6.679878
6.684527
6.689257
6.694070
6.698968
6.703955
6.709033
6.714205
6.719472
6.724837
6.730301
6.735866
6.741532
6.747301
6.753173
6.759148
6.765226
6.771407
6.777688
6.784070
6.790549
6.797125
6.803795
6.810556
6.817406
6.824340
6.831356
6.838451
6.845620
6.852859
6.860165
6.867532
6.874958
6.882436
6.889962
6.897530
6.905134
6.912769
6.920425
6.928097
6.935775
6.943451
6.951115
6.958756
6.966364
6.973929
6.981438
6.988881
6.996246
7.003524
7.010702
7.017772
7.024724
7.031550
7.038241
7.044790
7.051192
7.057441
7.063534
7.069467
7.075238
7.080849
7.086300
7.091597
7.096752
7.101781
7.106716
7.111599
7.116477
7.121374
7.126259
7.131077
7.135762
7.140274
7.144619
7.148711
7.152227
7.155279
7.157964
7.160339
7.162442
7.164304
7.165952
7.167407
7.168690
7.169818
7.170805
7.171667
7.172415
7.173061
7.173616
7.174087
7.174484
7.174815
7.175087
7.175307
7.175480
7.175612
7.175708
7.175772
7.175808
7.175820
7.175811
7.175784
7.175741
7.175684
7.175615
7.175535
7.175445
7.175346
7.175240
7.175126
7.175007
7.174866
7.174774
7.174575
7.174501
7.174287
7.174189
7.173976
7.173874
7.173647
7.173542
7.173323
7.173232
7.172998
7.172816
7.172710
7.172455
7.172362
7.172113
7.172021
7.171775
7.171684
7.171444
7.171355
7.171123
7.171036
7.170810
7.170726
7.170503
7.170415
7.170335
7.170154
7.169989
7.169923
7.169762
7.169697
7.169554
7.169499
7.169365
7.169309
7.169208
7.169149
7.169083
7.169026
7.168979
7.168941
7.168915
7.168902
7.168905
7.168926
7.168969
7.169040
7.169144
7.169289
7.169484
7.169737
7.170058
7.170456
7.170941
7.171523
7.172216
7.173044
7.174007
7.175108
7.176370
7.177809
7.179449
7.181327
7.183522
7.186110
7.190399
7.195542
7.198018
7.199832
7.201330
7.202618
7.203736
7.204682
