6.166741
6.166711
6.166670
6.166624
6.166582
6.166549
6.166521
6.166496
6.166472
6.166449
6.166427
6.166406
6.166385
6.166365
6.166345
6.166326
6.166307
6.166289
6.166271
6.166253
6.166236
6.166219
6.166202
6.166186
6.166170
6.166155
6.166140
6.166125
6.166111
6.166097
6.166083
6.166070
6.166057
6.166044
6.166032
6.166020
6.166008
6.165997
6.165986
6.165975
6.165965
6.165955
6.165945
6.165936
6.165926
6.165918
6.165909
6.165901
6.165893
6.165886
6.165878
6.165871
6.165865
6.165859
6.165853
6.165847
6.165842
6.165837
6.165832
6.165828
6.165824
6.165821
6.165818
6.165816
6.165813
6.165812
6.165811
6.165810
6.165811
6.165811
6.165813
6.165815
6.165819
6.165823
6.165828
6.165834
6.165841
6.165850
6.165860
6.165873
6.165888
6.165905
6.165924
6.165946
6.165971
6.165999
6.166030
6.166064
6.166102
6.166143
6.166187
6.166236
6.166288
6.166345
6.166406
6.166471
6.166541
6.166615
6.166695
6.166779
6.166868
6.166963
6.167063
6.167169
6.167281
6.167398
6.167521
6.167651
6.167786
6.167928
6.168077
6.168232
6.168394
6.168563
6.168739
6.168922
6.169112
6.169310
6.169516
6.169731
6.169952
6.170179
6.170414
6.170655
6.170904
6.171160
6.171425
6.171697
6.171978
6.172267
6.172564
6.172870
6.173185
6.173509
6.173842
6.174184
6.174536
6.174897
6.175267
6.175648
6.176038
6.176438
6.176848
6.177269
6.177700
6.178142
6.178594
6.179057
6.179531
6.180016
6.180513
6.181020
6.181539
6.182069
6.182611
6.183165
6.183730
6.184308
6.184897
6.185498
6.186112
6.186737
6.187375
6.188025
6.188687
6.189362
6.190049
6.190749
6.191462
6.192187
6.192924
6.193675
6.194440
6.195220
6.196021
6.196853
6.197738
6.198755
6.199831
6.200934
6.202057
6.203199
6.204358
6.205535
6.206729
6.207940
6.209169
6.210414
6.211675
6.212953
6.214247
6.215556
6.216881
6.218222
6.219577
6.220947
6.222331
6.223730
6.225143
6.226570
6.228011
6.229466
6.230934
6.232415
6.233909
6.235417
6.236937
6.238471
6.240017
6.241576
6.243148
6.244733
6.246330
6.247941
6.249564
6.251200
6.252849
6.254510
6.256185
6.257873
6.259574
6.261288
6.263016
6.264757
6.266511
6.268279
6.270061
6.271857
6.273667
6.275490
6.277328
6.279181
6.281048
6.282929
6.284825
6.286736
6.288662
6.290602
6.292558
6.294529
6.296515
6.298517
6.300534
6.302567
6.304616
6.306681
6.308761
6.310858
6.312970
6.315099
6.317245
6.319406
6.321584
6.323779
6.325991
6.328219
6.330464
6.332725
6.335004
6.337299
6.339612
6.341942
6.344288
6.346652
6.349034
6.351432
6.353848
6.356281
6.358731
6.361199
6.363684
6.366187
6.368707
6.371245
6.373800
6.376369
6.378934
6.381351
6.383759
6.386181
6.388619
6.391073
6.393544
6.396031
6.398535
6.401055
6.403591
6.406145
6.408715
6.411302
6.413906
6.416526
6.419164
6.421818
6.424489
6.427177
6.429883
6.432605
6.435344
6.438100
6.440873
6.443663
6.446471
6.449295
6.452136
6.454994
6.457869
6.460761
6.463670
6.466595
6.469537
6.472496
6.475472
6.478464
6.481472
6.484497
6.487538
6.490595
6.493668
6.496757
6.499862
6.502983
6.506119
6.509271
6.512437
6.515619
6.518816
6.522027
6.525253
6.528493
6.531747
6.535015
6.538297
6.541592
6.544900
6.548221
6.551554
6.554900
6.558258
6.561627
6.565008
6.568399
6.571802
6.575214
6.578637
6.582069
6.585510
6.588960
6.592419
6.595885
6.599359
6.602840
6.606328
6.609821
6.613321
6.616826
6.620336
6.623850
6.627369
6.630892
6.634419
6.637949
6.641483
6.645020
6.648561
6.652105
6.655652
6.659204
6.662758
6.666317
6.669879
6.673445
6.677015
6.680588
6.684163
6.687740
6.691308
6.694771
6.698223
6.701671
6.705115
6.708552
6.711981
6.715402
6.718812
6.722211
6.725598
6.728975
6.732341
6.735698
6.739051
6.742403
6.745761
6.749133
6.752531
6.755967
6.759457
6.763019
6.766670
6.770425
6.774294
6.778279
6.782368
6.786533
6.790739
6.794941
6.799099
6.803178
6.807152
6.811002
6.814717
6.818292
6.821725
6.825019
6.828176
6.831202
6.834104
6.836889
6.839567
6.842148
6.844644
6.847066
6.849418
6.851692
6.853878
6.855965
6.857941
6.859795
6.861526
6.863135
6.864627
6.866011
6.867295
6.868486
6.869590
6.870580
6.871474
6.872285
6.873021
6.873688
6.874294
6.874844
6.875343
6.875796
6.876206
6.876578
6.876915
6.877220
6.877496
6.877747
6.877974
6.878180
6.878366
6.878536
6.878690
6.878830
6.878957
6.879074
6.879182
6.879281
6.879372
6.879458
6.879538
6.879615
6.879688
6.879758
6.879828
6.879897
6.879966
6.880037
6.880112
6.880190
6.880275
6.880367
6.880471
6.880589
6.880726
6.880890
6.881092
6.881350
6.881704
6.882148
6.882687
6.883339
6.884132
6.885112
6.886333
6.887866
6.889800
6.892248
6.895352
6.899282
6.904233
6.910423
6.918084
6.927454
6.938769
6.952252
6.968106
6.986506
7.007599
7.031492
7.058259
7.087935
7.120517
7.155967
7.194212
7.235144
7.278628
7.324497
7.372563
7.422614
7.474419
7.527733
7.582298
7.637850
7.694157
7.751507
7.809086
7.866583
7.923770
7.980534
8.037054
8.094089
8.152759
8.212394
8.269442
8.321453
8.367444
8.407342
8.441442
8.470267
8.494481
8.514761
8.531738
8.545986
8.558019
8.568287
8.576064
8.581880
8.586140
8.589143
8.591127
8.592297
8.592876
8.593094
8.593113
8.593019
8.592856
8.592663
8.592328
8.592149
8.591663
8.591417
8.590883
8.590558
8.590125
8.589667
8.589210
8.588721
8.588201
8.587647
8.587056
8.586425
8.585749
8.585020
8.584232
8.583372
8.582428
8.581380
8.580196
8.578830
8.577200
8.575150
8.572234
8.564172
