6.133606
6.133574
6.133529
6.133480
6.133436
6.133401
6.133371
6.133344
6.133319
6.133295
6.133272
6.133250
6.133228
6.133207
6.133186
6.133165
6.133145
6.133126
6.133106
6.133088
6.133069
6.133051
6.133034
6.133016
6.132999
6.132983
6.132967
6.132951
6.132936
6.132921
6.132906
6.132892
6.132878
6.132864
6.132851
6.132838
6.132825
6.132813
6.132801
6.132789
6.132777
6.132766
6.132755
6.132745
6.132734
6.132724
6.132715
6.132705
6.132696
6.132687
6.132678
6.132670
6.132662
6.132654
6.132646
6.132639
6.132632
6.132625
6.132619
6.132613
6.132607
6.132601
6.132596
6.132591
6.132586
6.132582
6.132578
6.132574
6.132570
6.132568
6.132565
6.132563
6.132562
6.132561
6.132561
6.132561
6.132562
6.132565
6.132569
6.132574
6.132582
6.132591
6.132602
6.132615
6.132629
6.132647
6.132666
6.132688
6.132711
6.132738
6.132767
6.132798
6.132832
6.132869
6.132909
6.132951
6.132996
6.133045
6.133096
6.133150
6.133208
6.133269
6.133333
6.133401
6.133473
6.133547
6.133626
6.133709
6.133795
6.133885
6.133979
6.134078
6.134181
6.134288
6.134399
6.134515
6.134636
6.134761
6.134892
6.135027
6.135167
6.135313
6.135464
6.135620
6.135782
6.135949
6.136123
6.136302
6.136487
6.136679
6.136876
6.137080
6.137291
6.137509
6.137733
6.137965
6.138203
6.138449
6.138702
6.138963
6.139232
6.139508
6.139793
6.140086
6.140387
6.140697
6.141015
6.141343
6.141679
6.142025
6.142379
6.142744
6.143118
6.143501
6.143895
6.144299
6.144713
6.145135
6.145566
6.146006
6.146455
6.146914
6.147383
6.147862
6.148351
6.148851
6.149361
6.149881
6.150413
6.150956
6.151510
6.152077
6.152657
6.153252
6.153865
6.154503
6.155174
6.155906
6.156689
6.157505
6.158346
6.159208
6.160088
6.160987
6.161903
6.162838
6.163790
6.164761
6.165750
6.166758
6.167784
6.168828
6.169891
6.170972
6.172071
6.173189
6.174326
6.175480
6.176653
6.177844
6.179053
6.180280
6.181525
6.182788
6.184068
6.185366
6.186680
6.188013
6.189362
6.190728
6.192111
6.193511
6.194927
6.196360
6.197809
6.199274
6.200756
6.202253
6.203767
6.205296
6.206842
6.208403
6.209980
6.211573
6.213181
6.214806
6.216445
6.218101
6.219772
6.221460
6.223162
6.224881
6.226615
6.228366
6.230132
6.231914
6.233713
6.235527
6.237358
6.239205
6.241068
6.242947
6.244843
6.246756
6.248685
6.250631
6.252593
6.254572
6.256568
6.258581
6.260611
6.262658
6.264722
6.266802
6.268900
6.271016
6.273148
6.275297
6.277464
6.279648
6.281849
6.284067
6.286303
6.288556
6.290826
6.293113
6.295417
6.297739
6.300078
6.302434
6.304807
6.307197
6.309604
6.312027
6.314466
6.316915
6.319341
6.321643
6.323908
6.326171
6.328449
6.330743
6.333054
6.335379
6.337720
6.340077
6.342449
6.344836
6.347239
6.349657
6.352090
6.354539
6.357003
6.359483
6.361978
6.364488
6.367014
6.369555
6.372111
6.374683
6.377271
6.379874
6.382492
6.385126
6.387775
6.390440
6.393121
6.395817
6.398529
6.401257
6.404000
6.406759
6.409534
6.412325
6.415131
6.417953
6.420792
6.423646
6.426516
6.429402
6.432305
6.435223
6.438158
6.441109
6.444076
6.447060
6.450060
6.453076
6.456109
6.459158
6.462224
6.465307
6.468407
6.471523
6.474656
6.477806
6.480973
6.484157
6.487357
6.490575
6.493811
6.497063
6.500333
6.503620
6.506924
6.510246
6.513585
6.516942
6.520316
6.523708
6.527118
6.530545
6.533990
6.537452
6.540933
6.544431
6.547946
6.551480
6.555031
6.558600
6.562187
6.565792
6.569414
6.573054
6.576712
6.580388
6.584081
6.587791
6.591520
6.595266
6.599029
6.602810
6.606608
6.610423
6.614255
6.618101
6.621948
6.625709
6.629470
6.633244
6.637035
6.640841
6.644662
6.648500
6.652352
6.656220
6.660104
6.664002
6.667915
6.671842
6.675784
6.679741
6.683711
6.687695
6.691693
6.695704
6.699729
6.703766
6.707816
6.711879
6.715954
6.720041
6.724140
6.728250
6.732371
6.736504
6.740647
6.744800
6.748964
6.753138
6.757321
6.761514
6.765716
6.769927
6.774147
6.778376
6.782613
6.786858
6.791112
6.795374
6.799644
6.803923
6.808210
6.812506
6.816810
6.821124
6.825448
6.829783
6.834128
6.838485
6.842856
6.847241
6.851642
6.856061
6.860500
6.864961
6.869446
6.873960
6.878505
6.883085
6.887706
6.892371
6.897086
6.901859
6.906695
6.911602
6.916590
6.921666
6.926843
6.932130
6.937540
6.943086
6.948782
6.954644
6.960687
6.966930
6.973389
6.980086
6.987038
6.994269
7.001799
7.009651
7.017848
7.026414
7.035372
7.044746
7.054560
7.064838
7.075603
7.086879
7.098686
7.111047
7.123981
7.137508
7.151646
7.166411
7.181850
7.198402
7.215671
7.233636
7.252300
7.271666
7.291737
7.312510
7.333980
7.356139
7.378978
7.402483
7.426635
7.451414
7.476793
7.502741
7.529221
7.556185
7.583579
7.611334
7.639372
7.667603
7.695930
7.724259
7.752516
7.780691
7.808910
7.837579
7.867444
7.898637
7.928493
7.953301
7.972109
7.986104
7.996843
8.005269
8.011894
8.016427
8.019554
8.021653
8.022989
8.023787
8.024243
8.024496
8.024627
8.024681
8.024682
8.024645
8.024578
8.024487
8.024376
8.024247
8.024102
8.023940
8.023769
8.023577
8.023387
8.023169
8.022956
8.022725
8.022486
8.022244
8.021989
8.021733
8.021470
8.021205
8.020938
8.020670
8.020402
8.020136
8.019874
8.019615
8.019362
8.019116
8.018878
8.018649
8.018430
8.018221
8.018025
8.017841
8.017669
8.017511
8.017366
8.017233
8.017112
8.017002
8.016902
8.016809
8.016721
8.016635
8.016545
8.016446
8.016329
8.016182
8.015988
8.015722
8.015339
8.014757
8.013795
8.011906
