6.148359
6.148332
6.148294
6.148252
6.148214
6.148185
6.148161
6.148140
6.148121
6.148103
6.148086
6.148071
6.148056
6.148042
6.148029
6.148017
6.148006
6.147996
6.147986
6.147978
6.147970
6.147963
6.147957
6.147951
6.147947
6.147944
6.147941
6.147940
6.147939
6.147940
6.147942
6.147945
6.147949
6.147955
6.147962
6.147970
6.147980
6.147991
6.148005
6.148020
6.148037
6.148056
6.148076
6.148099
6.148125
6.148152
6.148182
6.148215
6.148250
6.148287
6.148327
6.148371
6.148417
6.148465
6.148517
6.148572
6.148630
6.148691
6.148756
6.148823
6.148894
6.148968
6.149045
6.149126
6.149210
6.149297
6.149388
6.149482
6.149579
6.149679
6.149783
6.149890
6.150000
6.150113
6.150229
6.150348
6.150476
6.150642
6.150822
6.151009
6.151202
6.151400
6.151603
6.151812
6.152026
6.152245
6.152470
6.152700
6.152935
6.153175
6.153421
6.153672
6.153928
6.154188
6.154454
6.154726
6.155002
6.155283
6.155570
6.155861
6.156158
6.156460
6.156767
6.157079
6.157396
6.157719
6.158047
6.158380
6.158719
6.159063
6.159412
6.159767
6.160127
6.160493
6.160865
6.161241
6.161624
6.162012
6.162405
6.162805
6.163209
6.163620
6.164037
6.164459
6.164887
6.165321
6.165762
6.166208
6.166660
6.167118
6.167583
6.168054
6.168531
6.169014
6.169503
6.169999
6.170502
6.171011
6.171526
6.172048
6.172577
6.173112
6.173655
6.174203
6.174759
6.175322
6.175891
6.176468
6.177051
6.177642
6.178239
6.178844
6.179456
6.180075
6.180702
6.181336
6.181977
6.182626
6.183282
6.183946
6.184617
6.185296
6.185982
6.186676
6.187377
6.188086
6.188802
6.189526
6.190259
6.191000
6.191750
6.192510
6.193282
6.194069
6.194878
6.195718
6.196615
6.197633
6.198728
6.199859
6.201012
6.202182
6.203366
6.204564
6.205774
6.206998
6.208235
6.209486
6.210751
6.212029
6.213322
6.214630
6.215952
6.217290
6.218642
6.220010
6.221393
6.222792
6.224207
6.225638
6.227085
6.228548
6.230028
6.231524
6.233038
6.234568
6.236115
6.237679
6.239261
6.240860
6.242477
6.244111
6.245764
6.247435
6.249124
6.250831
6.252556
6.254301
6.256063
6.257845
6.259645
6.261464
6.263302
6.265159
6.267035
6.268930
6.270845
6.272778
6.274731
6.276703
6.278694
6.280705
6.282735
6.284784
6.286852
6.288939
6.291046
6.293171
6.295316
6.297480
6.299662
6.301863
6.304083
6.306322
6.308579
6.310855
6.313149
6.315461
6.317791
6.320140
6.322506
6.324890
6.327292
6.329711
6.332148
6.334602
6.337073
6.339561
6.342066
6.344588
6.347127
6.349682
6.352254
6.354842
6.357447
6.360067
6.362704
6.365357
6.368025
6.370709
6.373408
6.376122
6.378851
6.381594
6.384349
6.387112
6.389855
6.392501
6.395114
6.397724
6.400342
6.402972
6.405617
6.408276
6.410950
6.413639
6.416342
6.419059
6.421791
6.424537
6.427297
6.430071
6.432859
6.435661
6.438476
6.441306
6.444150
6.447007
6.449878
6.452762
6.455661
6.458572
6.461498
6.464436
6.467388
6.470353
6.473332
6.476323
6.479328
6.482345
6.485375
6.488418
6.491474
6.494541
6.497621
6.500714
6.503818
6.506934
6.510061
6.513200
6.516350
6.519511
6.522683
6.525865
6.529057
6.532260
6.535472
6.538694
6.541925
6.545165
6.548414
6.551670
6.554935
6.558207
6.561486
6.564773
6.568065
6.571364
6.574669
6.577979
6.581293
6.584612
6.587936
6.591262
6.594592
6.597924
6.601259
6.604595
6.607932
6.611270
6.614608
6.617946
6.621283
6.624618
6.627952
6.631283
6.634610
6.637935
6.641255
6.644570
6.647880
6.651184
6.654481
6.657771
6.661054
6.664328
6.667594
6.670850
6.674096
6.677331
6.680555
6.683767
6.686966
6.690152
6.693323
6.696479
6.699607
6.702669
6.705699
6.708708
6.711702
6.714678
6.717637
6.720578
6.723501
6.726405
6.729291
6.732156
6.735002
6.737827
6.740631
6.743414
6.746176
6.748915
6.751632
6.754327
6.756998
6.759646
6.762270
6.764870
6.767446
6.769998
6.772524
6.775026
6.777502
6.779952
6.782377
6.784775
6.787148
6.789494
6.791814
6.794107
6.796373
6.798613
6.800826
6.803012
6.805171
6.807303
6.809408
6.811486
6.813537
6.815561
6.817559
6.819529
6.821473
6.823391
6.825282
6.827147
6.828986
6.830798
6.832585
6.834347
6.836084
6.837795
6.839481
6.841143
6.842781
6.844395
6.845985
6.847552
6.849096
6.850617
6.852116
6.853592
6.855047
6.856481
6.857893
6.859285
6.860657
6.862008
6.863340
6.864652
6.865945
6.867219
6.868474
6.869712
6.870931
6.872133
6.873317
6.874483
6.875633
6.876767
6.877884
6.878985
6.880072
6.881144
6.882203
6.883254
6.884299
6.885347
6.886410
6.887505
6.888649
6.889856
6.891132
6.892468
6.893850
6.895258
6.896661
6.898038
6.899372
6.900654
6.901877
6.903036
6.904132
6.905162
6.906129
6.907035
6.907881
6.908670
6.909405
6.910090
6.910728
6.911322
6.911877
6.912393
6.912875
6.913324
6.913742
6.914130
6.914491
6.914827
6.915137
6.915425
6.915692
6.915939
6.916169
6.916381
6.916579
6.916764
6.916938
6.917102
6.917259
6.917412
6.917564
6.917722
6.917898
6.918117
6.918432
6.918959
6.919916
6.921669
6.924717
6.929668
6.937213
6.948071
6.962841
6.981978
7.005804
7.034560
7.068482
7.107915
7.153505
7.206587
7.269827
7.347742
7.445451
7.559183
7.694127
7.846788
8.013828
8.195381
8.396573
8.613126
8.806344
8.947424
9.043743
9.110955
9.164262
9.208727
9.239662
9.262606
9.280380
9.294623
9.306381
9.316335
9.324950
9.332544
9.339345
9.345517
9.351181
9.356431
9.361338
9.365962
9.370350
9.374544
9.378580
9.382486
9.386292
9.390028
9.393733
9.397454
9.401266
9.405289
9.409774
9.415429
