6.133316
6.133285
6.133240
6.133191
6.133147
6.133112
6.133082
6.133055
6.133030
6.133006
6.132983
6.132960
6.132938
6.132917
6.132896
6.132875
6.132855
6.132835
6.132816
6.132797
6.132778
6.132760
6.132743
6.132725
6.132708
6.132692
6.132675
6.132660
6.132644
6.132629
6.132614
6.132600
6.132585
6.132572
6.132558
6.132545
6.132532
6.132519
6.132507
6.132495
6.132484
6.132472
6.132461
6.132450
6.132440
6.132430
6.132420
6.132410
6.132401
6.132391
6.132383
6.132374
6.132366
6.132358
6.132350
6.132342
6.132335
6.132328
6.132321
6.132315
6.132308
6.132302
6.132297
6.132291
6.132286
6.132282
6.132277
6.132273
6.132269
6.132266
6.132263
6.132260
6.132258
6.132256
6.132255
6.132255
6.132255
6.132256
6.132258
6.132262
6.132268
6.132275
6.132283
6.132294
6.132307
6.132321
6.132338
6.132357
6.132379
6.132402
6.132428
6.132457
6.132488
6.132522
6.132558
6.132597
6.132640
6.132685
6.132733
6.132784
6.132838
6.132896
6.132957
6.133021
6.133089
6.133160
6.133235
6.133313
6.133396
6.133482
6.133573
6.133667
6.133766
6.133869
6.133977
6.134089
6.134206
6.134327
6.134454
6.134585
6.134721
6.134863
6.135009
6.135161
6.135319
6.135482
6.135651
6.135826
6.136007
6.136194
6.136388
6.136588
6.136794
6.137008
6.137228
6.137455
6.137690
6.137932
6.138181
6.138438
6.138703
6.138975
6.139256
6.139545
6.139843
6.140149
6.140464
6.140789
6.141122
6.141464
6.141816
6.142176
6.142547
6.142928
6.143319
6.143720
6.144131
6.144553
6.144983
6.145421
6.145869
6.146327
6.146794
6.147272
6.147760
6.148259
6.148769
6.149289
6.149820
6.150363
6.150917
6.151485
6.152066
6.152661
6.153275
6.153914
6.154586
6.155320
6.156102
6.156918
6.157761
6.158625
6.159508
6.160410
6.161329
6.162267
6.163223
6.164197
6.165190
6.166201
6.167231
6.168280
6.169347
6.170433
6.171537
6.172659
6.173800
6.174959
6.176136
6.177331
6.178544
6.179775
6.181024
6.182290
6.183574
6.184875
6.186193
6.187528
6.188880
6.190248
6.191634
6.193035
6.194453
6.195887
6.197337
6.198803
6.200285
6.201782
6.203296
6.204825
6.206370
6.207930
6.209505
6.211097
6.212704
6.214326
6.215964
6.217617
6.219286
6.220970
6.222671
6.224387
6.226118
6.227866
6.229629
6.231408
6.233204
6.235015
6.236843
6.238687
6.240548
6.242424
6.244318
6.246228
6.248154
6.250098
6.252058
6.254035
6.256029
6.258040
6.260068
6.262113
6.264175
6.266255
6.268351
6.270465
6.272596
6.274745
6.276911
6.279094
6.281294
6.283512
6.285747
6.288000
6.290269
6.292556
6.294861
6.297182
6.299521
6.301877
6.304250
6.306641
6.309048
6.311472
6.313911
6.316359
6.318783
6.321087
6.323355
6.325619
6.327896
6.330190
6.332499
6.334825
6.337166
6.339523
6.341895
6.344283
6.346686
6.349104
6.351538
6.353987
6.356451
6.358931
6.361426
6.363936
6.366462
6.369003
6.371560
6.374132
6.376719
6.379322
6.381941
6.384575
6.387224
6.389889
6.392570
6.395266
6.397978
6.400705
6.403449
6.406208
6.408982
6.411773
6.414579
6.417401
6.420239
6.423093
6.425963
6.428849
6.431751
6.434670
6.437604
6.440555
6.443522
6.446505
6.449504
6.452521
6.455553
6.458602
6.461668
6.464751
6.467849
6.470966
6.474098
6.477249
6.480415
6.483599
6.486799
6.490018
6.493252
6.496505
6.499774
6.503062
6.506366
6.509688
6.513028
6.516385
6.519760
6.523152
6.526563
6.529990
6.533436
6.536900
6.540381
6.543880
6.547398
6.550933
6.554486
6.558057
6.561645
6.565252
6.568877
6.572519
6.576180
6.579858
6.583554
6.587268
6.591000
6.594749
6.598515
6.602301
6.606102
6.609922
6.613758
6.617609
6.621460
6.625227
6.628993
6.632773
6.636569
6.640380
6.644208
6.648052
6.651911
6.655786
6.659676
6.663581
6.667502
6.671437
6.675387
6.679351
6.683330
6.687322
6.691329
6.695349
6.699383
6.703430
6.707489
6.711562
6.715647
6.719744
6.723853
6.727974
6.732106
6.736249
6.740403
6.744567
6.748742
6.752926
6.757121
6.761325
6.765537
6.769759
6.773988
6.778227
6.782474
6.786729
6.790991
6.795262
6.799539
6.803824
6.808117
6.812417
6.816724
6.821039
6.825362
6.829694
6.834034
6.838383
6.842742
6.847112
6.851495
6.855891
6.860301
6.864728
6.869174
6.873640
6.878130
6.882648
6.887197
6.891779
6.896402
6.901069
6.905787
6.910563
6.915404
6.920317
6.925314
6.930403
6.935597
6.940907
6.946348
6.951932
6.957677
6.963599
6.969716
6.976049
6.982618
6.989443
6.996550
7.003959
7.011699
7.019793
7.028266
7.037147
7.046462
7.056238
7.066502
7.077281
7.088600
7.100484
7.112959
7.126048
7.139771
7.154153
7.169242
7.185471
7.202460
7.220189
7.238667
7.257900
7.277890
7.298637
7.320139
7.342387
7.365371
7.389077
7.413489
7.438584
7.464338
7.490721
7.517702
7.545242
7.573297
7.601821
7.630756
7.660040
7.689601
7.719362
7.749245
7.779172
7.809073
7.838884
7.868542
7.897943
7.926882
7.954984
7.981678
8.006227
8.027545
8.045676
8.060859
8.073615
8.084398
8.090692
8.091650
8.091216
8.090831
8.090522
8.090270
8.090063
8.089886
8.089714
8.089498
8.089319
8.089148
8.088906
8.088656
8.088401
8.088180
8.087950
8.087663
8.087373
8.087083
8.086796
8.086503
8.086202
8.085898
8.085597
8.085287
8.084979
8.084674
8.084371
8.084067
8.083766
8.083467
8.083173
8.082880
8.082590
8.082302
8.082014
8.081725
8.081429
8.081130
8.080827
8.080517
8.080198
8.079878
8.079543
8.079192
8.078817
8.078413
8.077971
8.077469
8.076902
8.076253
8.075507
8.074726
8.073961
8.073053
8.071985
8.070687
8.069054
8.066794
8.062879
