6.148443
6.148415
6.148376
6.148334
6.148296
6.148267
6.148243
6.148221
6.148202
6.148184
6.148168
6.148152
6.148138
6.148124
6.148111
6.148099
6.148088
6.148078
6.148069
6.148061
6.148053
6.148047
6.148041
6.148036
6.148033
6.148030
6.148028
6.148027
6.148028
6.148029
6.148032
6.148036
6.148042
6.148048
6.148057
6.148067
6.148078
6.148091
6.148106
6.148123
6.148142
6.148162
6.148185
6.148210
6.148237
6.148267
6.148298
6.148333
6.148369
6.148409
6.148451
6.148495
6.148543
6.148593
6.148646
6.148703
6.148762
6.148824
6.148889
6.148958
6.149029
6.149104
6.149182
6.149263
6.149347
6.149434
6.149525
6.149619
6.149717
6.149817
6.149921
6.150028
6.150137
6.150250
6.150366
6.150486
6.150613
6.150778
6.150958
6.151143
6.151335
6.151531
6.151733
6.151941
6.152153
6.152371
6.152594
6.152823
6.153057
6.153297
6.153541
6.153792
6.154047
6.154308
6.154574
6.154846
6.155123
6.155405
6.155692
6.155985
6.156282
6.156586
6.156894
6.157208
6.157526
6.157851
6.158180
6.158515
6.158855
6.159200
6.159551
6.159907
6.160269
6.160636
6.161009
6.161387
6.161770
6.162159
6.162553
6.162953
6.163359
6.163770
6.164188
6.164611
6.165039
6.165474
6.165915
6.166362
6.166814
6.167273
6.167738
6.168209
6.168687
6.169170
6.169660
6.170156
6.170659
6.171168
6.171684
6.172206
6.172735
6.173270
6.173812
6.174361
6.174916
6.175479
6.176048
6.176624
6.177207
6.177797
6.178394
6.178998
6.179609
6.180228
6.180853
6.181486
6.182127
6.182774
6.183429
6.184092
6.184762
6.185439
6.186124
6.186816
6.187516
6.188224
6.188939
6.189662
6.190392
6.191132
6.191880
6.192639
6.193409
6.194194
6.194999
6.195837
6.196731
6.197747
6.198841
6.199965
6.201110
6.202271
6.203446
6.204635
6.205837
6.207052
6.208281
6.209523
6.210779
6.212049
6.213332
6.214630
6.215943
6.217270
6.218612
6.219968
6.221340
6.222727
6.224129
6.225547
6.226980
6.228429
6.229894
6.231376
6.232873
6.234388
6.235918
6.237466
6.239031
6.240612
6.242211
6.243828
6.245462
6.247114
6.248783
6.250471
6.252177
6.253902
6.255645
6.257407
6.259187
6.260987
6.262805
6.264643
6.266500
6.268377
6.270273
6.272190
6.274125
6.276081
6.278057
6.280053
6.282070
6.284106
6.286163
6.288241
6.290339
6.292458
6.294597
6.296757
6.298938
6.301139
6.303362
6.305605
6.307869
6.310153
6.312459
6.314785
6.317132
6.319500
6.321888
6.324297
6.326726
6.329176
6.331646
6.334137
6.336648
6.339179
6.341731
6.344302
6.346893
6.349504
6.352135
6.354786
6.357456
6.360145
6.362854
6.365582
6.368329
6.371094
6.373878
6.376679
6.379499
6.382335
6.385188
6.388051
6.390895
6.393618
6.396306
6.398993
6.401695
6.404413
6.407147
6.409898
6.412665
6.415447
6.418245
6.421059
6.423887
6.426731
6.429590
6.432463
6.435351
6.438254
6.441170
6.444101
6.447046
6.450004
6.452976
6.455961
6.458960
6.461971
6.464996
6.468033
6.471082
6.474144
6.477218
6.480304
6.483402
6.486511
6.489632
6.492764
6.495906
6.499059
6.502223
6.505397
6.508581
6.511775
6.514978
6.518190
6.521412
6.524642
6.527881
6.531128
6.534383
6.537645
6.540915
6.544192
6.547475
6.550765
6.554061
6.557362
6.560669
6.563981
6.567298
6.570619
6.573944
6.577272
6.580604
6.583938
6.587275
6.590613
6.593954
6.597295
6.600637
6.603979
6.607322
6.610663
6.614004
6.617343
6.620680
6.624015
6.627347
6.630676
6.634001
6.637321
6.640637
6.643948
6.647253
6.650552
6.653844
6.657129
6.660406
6.663675
6.666936
6.670187
6.673428
6.676660
6.679881
6.683090
6.686288
6.689473
6.692646
6.695805
6.698949
6.702078
6.705181
6.708213
6.711218
6.714204
6.717174
6.720127
6.723064
6.725984
6.728885
6.731769
6.734635
6.737482
6.740309
6.743118
6.745906
6.748675
6.751423
6.754150
6.756856
6.759540
6.762203
6.764844
6.767462
6.770058
6.772630
6.775180
6.777706
6.780209
6.782687
6.785142
6.787572
6.789977
6.792358
6.794714
6.797045
6.799351
6.801632
6.803887
6.806117
6.808321
6.810500
6.812653
6.814780
6.816881
6.818957
6.821007
6.823031
6.825029
6.827002
6.828950
6.830872
6.832768
6.834639
6.836486
6.838307
6.840103
6.841875
6.843623
6.845347
6.847046
6.848722
6.850375
6.852005
6.853612
6.855197
6.856760
6.858301
6.859821
6.861320
6.862799
6.864259
6.865699
6.867120
6.868522
6.869907
6.871275
6.872627
6.873962
6.875282
6.876587
6.877879
6.879157
6.880423
6.881677
6.882920
6.884154
6.885378
6.886595
6.887805
6.889010
6.890210
6.891407
6.892602
6.893797
6.894994
6.896193
6.897397
6.898608
6.899827
6.901058
6.902309
6.903595
6.904904
6.906235
6.907590
6.908970
6.910379
6.911820
6.913294
6.914806
6.916360
6.917959
6.919611
6.921322
6.923101
6.924957
6.926900
6.928932
6.931051
6.933246
6.935494
6.937769
6.940036
6.942262
6.944418
6.946477
6.948418
6.950226
6.951894
6.953422
6.954817
6.956103
6.957332
6.958611
6.960155
6.962355
6.965787
6.971114
6.978922
6.989555
7.003058
7.019800
7.038666
7.059123
7.080755
7.103271
7.126496
7.150360
7.174877
7.200134
7.226283
7.253538
7.282189
7.312641
7.345541
7.382098
7.424741
7.477675
7.545462
7.629215
7.725642
7.827800
7.934848
8.043997
8.153082
8.260559
8.365378
8.466838
8.564420
8.657568
8.745400
8.826452
8.898742
8.960507
9.011281
9.052252
9.085828
9.115559
9.143045
9.163815
9.180393
9.193970
9.205356
9.215129
9.223699
9.231359
9.238316
9.244723
9.250695
9.256321
9.261671
9.266801
9.271763
9.276608
9.281393
9.286193
9.291116
9.296347
9.302273
9.310002
