6.166302
6.166271
6.166227
6.166179
6.166136
6.166102
6.166073
6.166047
6.166022
6.165999
6.165977
6.165955
6.165934
6.165914
6.165894
6.165874
6.165855
6.165836
6.165818
6.165800
6.165782
6.165765
6.165749
6.165733
6.165717
6.165701
6.165686
6.165671
6.165657
6.165643
6.165629
6.165616
6.165603
6.165590
6.165578
6.165566
6.165555
6.165543
6.165532
6.165522
6.165511
6.165501
6.165492
6.165482
6.165473
6.165464
6.165456
6.165448
6.165440
6.165432
6.165425
6.165418
6.165411
6.165405
6.165399
6.165393
6.165388
6.165383
6.165379
6.165374
6.165370
6.165367
6.165364
6.165362
6.165359
6.165358
6.165357
6.165356
6.165357
6.165358
6.165359
6.165362
6.165365
6.165370
6.165375
6.165382
6.165390
6.165399
6.165411
6.165425
6.165442
6.165461
6.165483
6.165508
6.165535
6.165566
6.165600
6.165638
6.165679
6.165724
6.165773
6.165826
6.165883
6.165944
6.166010
6.166080
6.166155
6.166235
6.166319
6.166409
6.166504
6.166605
6.166711
6.166822
6.166939
6.167062
6.167191
6.167326
6.167468
6.167615
6.167769
6.167930
6.168098
6.168272
6.168454
6.168642
6.168839
6.169043
6.169252
6.169467
6.169689
6.169918
6.170153
6.170396
6.170647
6.170905
6.171170
6.171443
6.171724
6.172014
6.172311
6.172617
6.172931
6.173253
6.173585
6.173925
6.174273
6.174631
6.174998
6.175375
6.175760
6.176155
6.176560
6.176974
6.177399
6.177833
6.178277
6.178731
6.179196
6.179671
6.180157
6.180653
6.181159
6.181677
6.182205
6.182744
6.183294
6.183855
6.184427
6.185010
6.185605
6.186210
6.186828
6.187456
6.188096
6.188748
6.189411
6.190086
6.190773
6.191471
6.192181
6.192903
6.193638
6.194388
6.195157
6.195956
6.196810
6.197806
6.198863
6.199947
6.201049
6.202169
6.203306
6.204461
6.205631
6.206819
6.208022
6.209242
6.210478
6.211729
6.212996
6.214278
6.215575
6.216886
6.218213
6.219554
6.220909
6.222279
6.223662
6.225060
6.226471
6.227896
6.229334
6.230786
6.232251
6.233729
6.235221
6.236726
6.238244
6.239775
6.241320
6.242878
6.244450
6.246034
6.247633
6.249245
6.250870
6.252509
6.254163
6.255830
6.257511
6.259206
6.260916
6.262640
6.264379
6.266132
6.267901
6.269684
6.271483
6.273297
6.275127
6.276972
6.278833
6.280709
6.282602
6.284512
6.286437
6.288379
6.290338
6.292313
6.294305
6.296314
6.298340
6.300383
6.302444
6.304522
6.306618
6.308731
6.310862
6.313011
6.315177
6.317362
6.319565
6.321786
6.324026
6.326283
6.328559
6.330854
6.333167
6.335498
6.337848
6.340217
6.342605
6.345011
6.347437
6.349881
6.352344
6.354825
6.357326
6.359846
6.362384
6.364942
6.367518
6.370114
6.372728
6.375358
6.377982
6.380432
6.382869
6.385321
6.387791
6.390278
6.392783
6.395306
6.397846
6.400403
6.402978
6.405570
6.408180
6.410808
6.413453
6.416115
6.418795
6.421493
6.424208
6.426940
6.429690
6.432457
6.435242
6.438044
6.440863
6.443700
6.446553
6.449424
6.452311
6.455216
6.458137
6.461075
6.464029
6.467000
6.469988
6.472992
6.476011
6.479047
6.482099
6.485167
6.488250
6.491348
6.494462
6.497590
6.500734
6.503892
6.507065
6.510252
6.513453
6.516668
6.519897
6.523139
6.526394
6.529661
6.532942
6.536234
6.539539
6.542855
6.546183
6.549521
6.552871
6.556231
6.559601
6.562980
6.566369
6.569767
6.573174
6.576589
6.580011
6.583441
6.586878
6.590321
6.593770
6.597225
6.600685
6.604150
6.607619
6.611092
6.614568
6.618047
6.621529
6.625013
6.628499
6.631986
6.635475
6.638965
6.642457
6.645949
6.649443
6.652938
6.656434
6.659932
6.663432
6.666933
6.670436
6.673942
6.677449
6.680958
6.684468
6.687977
6.691478
6.694879
6.698269
6.701654
6.705035
6.708409
6.711775
6.715131
6.718477
6.721809
6.725128
6.728432
6.731719
6.734988
6.738239
6.741471
6.744683
6.747874
6.751043
6.754191
6.757316
6.760420
6.763503
6.766566
6.769612
6.772646
6.775671
6.778698
6.781734
6.784792
6.787883
6.791013
6.794185
6.797395
6.800629
6.803867
6.807088
6.810268
6.813386
6.816426
6.819372
6.822215
6.824950
6.827573
6.830085
6.832492
6.834801
6.837023
6.839160
6.841202
6.843126
6.844914
6.846551
6.848032
6.849358
6.850538
6.851584
6.852507
6.853319
6.854030
6.854649
6.855172
6.855597
6.855945
6.856228
6.856456
6.856636
6.856776
6.856883
6.856960
6.857015
6.857051
6.857073
6.857087
6.857094
6.857097
6.857098
6.857096
6.857093
6.857089
6.857084
6.857079
6.857072
6.857066
6.857058
6.857051
6.857043
6.857036
6.857026
6.857020
6.857010
6.857001
6.856994
6.856984
6.856976
6.856969
6.856959
6.856952
6.856944
6.856936
6.856929
6.856922
6.856916
6.856909
6.856904
6.856899
6.856894
6.856891
6.856888
6.856887
6.856889
6.856900
6.856958
6.857200
6.857770
6.858878
6.860740
6.863598
6.867736
6.873474
6.881160
6.891156
6.903819
6.919482
6.938431
6.960895
6.987044
7.016991
7.050808
7.088524
7.130132
7.175575
7.224748
7.277487
7.333568
7.392713
7.454591
7.518823
7.584994
7.652660
7.721413
7.792266
7.863220
7.933708
8.003231
8.071314
8.137511
8.201412
8.262636
8.320821
8.375601
8.426642
8.473857
8.517917
8.558642
8.594816
8.622247
8.641951
8.655843
8.665490
8.671689
8.674467
8.674928
8.674959
8.674863
8.674692
8.674580
8.674208
8.674059
8.673591
8.673391
8.672837
8.672567
8.672015
8.671692
8.671080
8.670692
8.670202
8.669641
8.669090
8.668556
8.668027
8.667438
8.666582
8.665511
8.664894
8.664293
8.662945
8.661273
8.660482
8.659661
8.657278
8.654793
8.653762
8.650580
8.647622
8.643383
8.637793
8.629780
8.616706
