6.134227
6.134195
6.134150
6.134100
6.134056
6.134021
6.133992
6.133965
6.133940
6.133917
6.133894
6.133873
6.133851
6.133831
6.133811
6.133791
6.133772
6.133753
6.133735
6.133717
6.133700
6.133683
6.133666
6.133650
6.133634
6.133619
6.133604
6.133590
6.133576
6.133562
6.133549
6.133536
6.133523
6.133511
6.133499
6.133488
6.133477
6.133466
6.133456
6.133446
6.133436
6.133427
6.133418
6.133409
6.133401
6.133393
6.133385
6.133378
6.133371
6.133364
6.133358
6.133352
6.133347
6.133341
6.133337
6.133333
6.133329
6.133326
6.133323
6.133321
6.133319
6.133318
6.133318
6.133319
6.133321
6.133324
6.133328
6.133333
6.133339
6.133346
6.133355
6.133365
6.133375
6.133388
6.133401
6.133416
6.133433
6.133453
6.133475
6.133500
6.133529
6.133559
6.133592
6.133627
6.133665
6.133705
6.133748
6.133794
6.133843
6.133894
6.133949
6.134007
6.134067
6.134132
6.134199
6.134269
6.134343
6.134420
6.134501
6.134585
6.134672
6.134764
6.134859
6.134957
6.135060
6.135167
6.135278
6.135394
6.135513
6.135636
6.135764
6.135896
6.136032
6.136174
6.136319
6.136470
6.136626
6.136786
6.136952
6.137123
6.137300
6.137481
6.137668
6.137860
6.138058
6.138261
6.138471
6.138686
6.138907
6.139135
6.139369
6.139609
6.139856
6.140110
6.140369
6.140636
6.140910
6.141190
6.141478
6.141773
6.142075
6.142385
6.142702
6.143027
6.143360
6.143701
6.144050
6.144407
6.144774
6.145148
6.145530
6.145921
6.146321
6.146730
6.147148
6.147575
6.148011
6.148457
6.148912
6.149376
6.149851
6.150335
6.150831
6.151336
6.151848
6.152369
6.152900
6.153439
6.153990
6.154550
6.155121
6.155704
6.156298
6.156907
6.157533
6.158181
6.158862
6.159598
6.160379
6.161194
6.162035
6.162897
6.163778
6.164677
6.165592
6.166524
6.167472
6.168437
6.169418
6.170416
6.171431
6.172463
6.173511
6.174577
6.175660
6.176761
6.177878
6.179013
6.180166
6.181336
6.182524
6.183729
6.184952
6.186192
6.187451
6.188728
6.190022
6.191335
6.192665
6.194014
6.195381
6.196765
6.198167
6.199587
6.201025
6.202481
6.203954
6.205444
6.206953
6.208477
6.210021
6.211581
6.213159
6.214755
6.216367
6.217997
6.219644
6.221308
6.222989
6.224687
6.226402
6.228134
6.229883
6.231649
6.233431
6.235231
6.237047
6.238880
6.240730
6.242596
6.244479
6.246379
6.248296
6.250229
6.252179
6.254145
6.256129
6.258128
6.260145
6.262178
6.264228
6.266294
6.268377
6.270477
6.272593
6.274726
6.276876
6.279043
6.281226
6.283426
6.285642
6.287875
6.290125
6.292392
6.294675
6.296975
6.299291
6.301625
6.303975
6.306342
6.308725
6.311125
6.313542
6.315975
6.318423
6.320879
6.323311
6.325627
6.327904
6.330179
6.332466
6.334769
6.337087
6.339420
6.341768
6.344132
6.346511
6.348905
6.351315
6.353740
6.356181
6.358637
6.361108
6.363595
6.366097
6.368615
6.371148
6.373697
6.376261
6.378841
6.381437
6.384048
6.386674
6.389317
6.391975
6.394648
6.397337
6.400042
6.402763
6.405500
6.408252
6.411020
6.413804
6.416604
6.419420
6.422252
6.425100
6.427963
6.430843
6.433739
6.436651
6.439579
6.442523
6.445484
6.448461
6.451454
6.454463
6.457488
6.460530
6.463588
6.466663
6.469754
6.472862
6.475985
6.479126
6.482283
6.485456
6.488646
6.491853
6.495076
6.498316
6.501573
6.504846
6.508135
6.511442
6.514765
6.518105
6.521461
6.524834
6.528224
6.531630
6.535053
6.538493
6.541949
6.545422
6.548912
6.552418
6.555940
6.559479
6.563035
6.566606
6.570195
6.573799
6.577420
6.581057
6.584710
6.588378
6.592063
6.595765
6.599482
6.603215
6.606963
6.610727
6.614507
6.618301
6.622108
6.625910
6.629632
6.633350
6.637080
6.640824
6.644581
6.648353
6.652138
6.655938
6.659751
6.663577
6.667418
6.671272
6.675140
6.679021
6.682915
6.686823
6.690744
6.694679
6.698626
6.702587
6.706560
6.710548
6.714549
6.718564
6.722592
6.726635
6.730693
6.734765
6.738851
6.742953
6.747071
6.751206
6.755358
6.759528
6.763716
6.767924
6.772153
6.776404
6.780678
6.784976
6.789301
6.793654
6.798036
6.802450
6.806899
6.811385
6.815909
6.820477
6.825089
6.829751
6.834466
6.839237
6.844069
6.848967
6.853935
6.858979
6.864103
6.869315
6.874620
6.880024
6.885534
6.891158
6.896903
6.902777
6.908788
6.914943
6.921253
6.927726
6.934371
6.941198
6.948217
6.955437
6.962868
6.970521
6.978405
6.986529
6.994904
7.003538
7.012439
7.021616
7.031078
7.040828
7.050876
7.061226
7.071885
7.082856
7.094145
7.105755
7.117693
7.129961
7.142565
7.155512
7.168810
7.182469
7.196501
7.210922
7.225749
7.240999
7.256692
7.272870
7.289934
7.307471
7.325406
7.343673
7.362188
7.380855
7.399569
7.418234
7.436755
7.455051
7.473034
7.490604
7.507632
7.523948
7.539277
7.553223
7.565622
7.576537
7.585976
7.593989
7.600651
7.606070
7.610367
7.613656
7.616018
7.617512
7.617767
7.617803
7.617792
7.617758
7.617710
7.617661
7.617574
7.617521
7.617452
7.617327
7.617273
7.617123
7.617059
7.616922
7.616841
7.616692
7.616588
7.616490
7.616362
7.616240
7.616150
7.615961
7.615887
7.615761
7.615579
7.615483
7.615406
7.615271
7.615099
7.615018
7.614937
7.614791
7.614680
7.614601
7.614511
7.614410
7.614320
7.614247
7.614177
7.614116
7.614067
7.614030
7.614003
7.613995
7.614004
7.614037
7.614094
7.614181
7.614303
7.614468
7.614682
7.614951
7.615282
7.615674
7.616131
7.616647
7.617215
7.617828
7.618478
7.619159
7.619868
7.620595
7.621308
7.621988
7.622622
7.623203
7.623748
7.624235
7.624633
7.624905
7.624970
7.624648
7.623295
