6.148643
6.148615
6.148576
6.148534
6.148496
6.148467
6.148443
6.148421
6.148402
6.148384
6.148368
6.148352
6.148338
6.148324
6.148311
6.148299
6.148288
6.148278
6.148269
6.148260
6.148253
6.148246
6.148240
6.148235
6.148231
6.148228
6.148226
6.148225
6.148225
6.148226
6.148228
6.148232
6.148237
6.148243
6.148250
6.148259
6.148270
6.148282
6.148296
6.148312
6.148329
6.148349
6.148371
6.148395
6.148421
6.148450
6.148481
6.148515
6.148551
6.148590
6.148632
6.148676
6.148724
6.148775
6.148828
6.148885
6.148945
6.149008
6.149074
6.149143
6.149216
6.149292
6.149371
6.149454
6.149539
6.149629
6.149721
6.149816
6.149915
6.150017
6.150123
6.150231
6.150343
6.150457
6.150575
6.150696
6.150826
6.150995
6.151178
6.151369
6.151565
6.151766
6.151973
6.152185
6.152402
6.152625
6.152853
6.153086
6.153325
6.153569
6.153818
6.154072
6.154331
6.154595
6.154864
6.155138
6.155418
6.155702
6.155992
6.156286
6.156586
6.156891
6.157201
6.157516
6.157836
6.158162
6.158493
6.158829
6.159170
6.159517
6.159869
6.160226
6.160589
6.160957
6.161331
6.161711
6.162096
6.162487
6.162883
6.163286
6.163694
6.164109
6.164529
6.164954
6.165385
6.165822
6.166265
6.166714
6.167169
6.167630
6.168096
6.168570
6.169049
6.169534
6.170026
6.170524
6.171028
6.171539
6.172056
6.172580
6.173110
6.173647
6.174190
6.174740
6.175297
6.175860
6.176431
6.177008
6.177592
6.178183
6.178781
6.179386
6.179998
6.180617
6.181243
6.181876
6.182517
6.183164
6.183819
6.184482
6.185151
6.185827
6.186511
6.187202
6.187900
6.188605
6.189318
6.190037
6.190765
6.191500
6.192244
6.192998
6.193764
6.194545
6.195346
6.196178
6.197063
6.198067
6.199147
6.200265
6.201407
6.202567
6.203739
6.204923
6.206119
6.207325
6.208543
6.209773
6.211015
6.212270
6.213537
6.214817
6.216111
6.217418
6.218738
6.220072
6.221419
6.222781
6.224156
6.225545
6.226948
6.228365
6.229796
6.231241
6.232701
6.234175
6.235664
6.237167
6.238685
6.240218
6.241765
6.243328
6.244905
6.246498
6.248106
6.249729
6.251367
6.253021
6.254690
6.256374
6.258074
6.259790
6.261522
6.263269
6.265032
6.266811
6.268607
6.270418
6.272245
6.274089
6.275949
6.277825
6.279718
6.281627
6.283552
6.285495
6.287454
6.289429
6.291422
6.293431
6.295458
6.297501
6.299562
6.301639
6.303735
6.305847
6.307977
6.310124
6.312289
6.314472
6.316673
6.318891
6.321127
6.323382
6.325655
6.327946
6.330255
6.332583
6.334929
6.337295
6.339679
6.342082
6.344504
6.346946
6.349407
6.351888
6.354389
6.356910
6.359452
6.362013
6.364595
6.367196
6.369817
6.372455
6.375111
6.377778
6.380431
6.382963
6.385465
6.387969
6.390489
6.393028
6.395586
6.398163
6.400760
6.403377
6.406015
6.408673
6.411351
6.414049
6.416767
6.419505
6.422263
6.425041
6.427838
6.430656
6.433493
6.436350
6.439227
6.442123
6.445038
6.447973
6.450928
6.453901
6.456893
6.459904
6.462934
6.465983
6.469049
6.472134
6.475237
6.478358
6.481496
6.484651
6.487823
6.491012
6.494218
6.497439
6.500676
6.503929
6.507197
6.510479
6.513776
6.517087
6.520412
6.523750
6.527100
6.530463
6.533838
6.537224
6.540621
6.544028
6.547446
6.550873
6.554309
6.557753
6.561205
6.564665
6.568131
6.571604
6.575082
6.578565
6.582053
6.585545
6.589040
6.592538
6.596038
6.599539
6.603041
6.606544
6.610046
6.613547
6.617047
6.620544
6.624039
6.627530
6.631017
6.634499
6.637976
6.641447
6.644911
6.648367
6.651816
6.655257
6.658688
6.662110
6.665521
6.668921
6.672310
6.675687
6.679050
6.682400
6.685735
6.689055
6.692359
6.695646
6.698905
6.702080
6.705224
6.708349
6.711456
6.714543
6.717612
6.720660
6.723689
6.726699
6.729688
6.732656
6.735604
6.738530
6.741434
6.744316
6.747175
6.750011
6.752824
6.755614
6.758379
6.761120
6.763836
6.766528
6.769194
6.771835
6.774451
6.777041
6.779605
6.782142
6.784653
6.787138
6.789596
6.792028
6.794432
6.796810
6.799160
6.801483
6.803779
6.806048
6.808289
6.810503
6.812690
6.814850
6.816982
6.819088
6.821166
6.823217
6.825241
6.827238
6.829209
6.831153
6.833071
6.834963
6.836829
6.838669
6.840483
6.842272
6.844036
6.845774
6.847488
6.849178
6.850843
6.852485
6.854103
6.855697
6.857268
6.858816
6.860341
6.861844
6.863324
6.864782
6.866218
6.867632
6.869025
6.870395
6.871744
6.873071
6.874376
6.875659
6.876920
6.878159
6.879377
6.880572
6.881747
6.882905
6.884050
6.885196
6.886363
6.887592
6.888935
6.890451
6.892188
6.894168
6.896390
6.898841
6.901500
6.904341
6.907343
6.910484
6.913750
6.917135
6.920612
6.924164
6.927782
6.931455
6.935177
6.938940
6.942739
6.946569
6.950426
6.954307
6.958209
6.962129
6.966067
6.970021
6.973990
6.977974
6.981973
6.985986
6.990016
6.994062
6.998126
7.002211
7.006317
7.010447
7.014604
7.018792
7.023014
7.027276
7.031581
7.035935
7.040347
7.044823
7.049372
7.054005
7.058734
7.063574
7.068541
7.073657
7.078951
7.084475
7.090241
7.096286
7.102655
7.109407
7.116612
7.124357
7.132748
7.141911
7.152006
7.163227
7.175816
7.190083
7.206428
7.225380
7.247649
7.274183
7.306232
7.345364
7.393314
7.450057
7.519348
7.603449
7.704373
7.823735
7.962607
8.121886
8.302815
8.503250
8.706809
8.887683
9.030519
9.133303
9.204298
9.254470
9.293197
9.326670
9.352508
9.371449
9.386103
9.397830
9.407498
9.415681
9.422765
9.429013
9.434612
9.439695
9.444365
9.448697
9.452753
9.456581
9.460219
9.463705
9.467077
9.470376
9.473654
9.476989
9.480522
9.484613
