6.133606
6.133574
6.133529
6.133480
6.133436
6.133401
6.133371
6.133344
6.133319
6.133295
6.133272
6.133250
6.133228
6.133207
6.133186
6.133165
6.133145
6.133126
6.133106
6.133088
6.133069
6.133051
6.133034
6.133016
6.132999
6.132983
6.132967
6.132951
6.132936
6.132921
6.132906
6.132892
6.132878
6.132864
6.132851
6.132838
6.132825
6.132813
6.132801
6.132789
6.132777
6.132766
6.132755
6.132745
6.132734
6.132724
6.132715
6.132705
6.132696
6.132687
6.132678
6.132670
6.132662
6.132654
6.132646
6.132639
6.132632
6.132625
6.132619
6.132613
6.132607
6.132601
6.132596
6.132591
6.132586
6.132582
6.132577
6.132574
6.132570
6.132568
6.132565
6.132563
6.132562
6.132561
6.132561
6.132561
6.132562
6.132565
6.132569
6.132574
6.132581
6.132590
6.132601
6.132614
6.132629
6.132646
6.132666
6.132687
6.132711
6.132737
6.132766
6.132798
6.132832
6.132868
6.132908
6.132950
6.132996
6.133044
6.133095
6.133150
6.133207
6.133268
6.133333
6.133400
6.133472
6.133546
6.133625
6.133707
6.133794
6.133884
6.133978
6.134077
6.134179
6.134286
6.134398
6.134514
6.134635
6.134760
6.134890
6.135025
6.135166
6.135311
6.135462
6.135618
6.135780
6.135948
6.136121
6.136300
6.136485
6.136677
6.136874
6.137079
6.137289
6.137507
6.137731
6.137963
6.138201
6.138447
6.138700
6.138961
6.139229
6.139506
6.139791
6.140083
6.140385
6.140694
6.141013
6.141340
6.141677
6.142022
6.142378
6.142742
6.143117
6.143504
6.143899
6.144302
6.144714
6.145135
6.145565
6.146004
6.146453
6.146912
6.147381
6.147859
6.148349
6.148848
6.149358
6.149879
6.150410
6.150953
6.151507
6.152074
6.152653
6.153248
6.153860
6.154496
6.155166
6.155897
6.156685
6.157504
6.158346
6.159207
6.160086
6.160983
6.161899
6.162833
6.163785
6.164755
6.165744
6.166752
6.167778
6.168822
6.169885
6.170967
6.172066
6.173185
6.174321
6.175476
6.176649
6.177840
6.179050
6.180277
6.181522
6.182784
6.184064
6.185362
6.186677
6.188009
6.189359
6.190725
6.192108
6.193507
6.194924
6.196357
6.197806
6.199271
6.200753
6.202250
6.203764
6.205293
6.206839
6.208400
6.209977
6.211570
6.213178
6.214802
6.216442
6.218098
6.219769
6.221456
6.223159
6.224878
6.226612
6.228362
6.230129
6.231911
6.233709
6.235524
6.237354
6.239201
6.241064
6.242944
6.244840
6.246752
6.248681
6.250627
6.252589
6.254568
6.256564
6.258577
6.260607
6.262654
6.264718
6.266799
6.268897
6.271012
6.273144
6.275293
6.277460
6.279644
6.281845
6.284063
6.286299
6.288552
6.290822
6.293109
6.295413
6.297735
6.300074
6.302430
6.304803
6.307193
6.309600
6.312024
6.314464
6.316915
6.319349
6.321637
6.323896
6.326163
6.328443
6.330738
6.333049
6.335375
6.337716
6.340073
6.342445
6.344832
6.347235
6.349653
6.352086
6.354535
6.356999
6.359479
6.361974
6.364484
6.367010
6.369551
6.372107
6.374679
6.377267
6.379869
6.382488
6.385122
6.387771
6.390436
6.393117
6.395813
6.398525
6.401253
6.403996
6.406755
6.409530
6.412320
6.415127
6.417949
6.420787
6.423641
6.426512
6.429398
6.432300
6.435219
6.438154
6.441104
6.444072
6.447055
6.450055
6.453072
6.456104
6.459154
6.462220
6.465303
6.468402
6.471518
6.474651
6.477801
6.480968
6.484152
6.487353
6.490571
6.493806
6.497058
6.500328
6.503615
6.506919
6.510241
6.513580
6.516937
6.520311
6.523703
6.527113
6.530540
6.533985
6.537447
6.540928
6.544426
6.547941
6.551475
6.555026
6.558595
6.562182
6.565787
6.569409
6.573049
6.576707
6.580383
6.584076
6.587787
6.591515
6.595261
6.599024
6.602805
6.606603
6.610418
6.614250
6.618097
6.621944
6.625704
6.629465
6.633240
6.637030
6.640836
6.644658
6.648495
6.652348
6.656216
6.660100
6.663998
6.667911
6.671838
6.675781
6.679737
6.683707
6.687692
6.691690
6.695701
6.699725
6.703763
6.707813
6.711876
6.715951
6.720038
6.724137
6.728247
6.732369
6.736501
6.740644
6.744798
6.748962
6.753136
6.757319
6.761512
6.765714
6.769925
6.774145
6.778374
6.782611
6.786857
6.791110
6.795372
6.799643
6.803922
6.808209
6.812504
6.816809
6.821123
6.825447
6.829781
6.834126
6.838484
6.842854
6.847239
6.851640
6.856058
6.860497
6.864957
6.869442
6.873955
6.878499
6.883079
6.887698
6.892362
6.897077
6.901848
6.906682
6.911588
6.916574
6.921649
6.926823
6.932107
6.937515
6.943058
6.948751
6.954610
6.960650
6.966888
6.973344
6.980036
6.986984
6.994210
7.001736
7.009583
7.017775
7.026335
7.035287
7.044656
7.054464
7.064737
7.075496
7.086766
7.098568
7.110923
7.123853
7.137374
7.151507
7.166267
7.181698
7.198247
7.215511
7.233468
7.252124
7.271480
7.291537
7.312291
7.333737
7.355866
7.378663
7.402114
7.426197
7.450888
7.476159
7.501976
7.528298
7.555080
7.582268
7.609799
7.637601
7.665592
7.693681
7.721769
7.749758
7.777557
7.805096
7.832342
7.859292
7.885946
7.912210
7.937726
7.961635
7.982486
7.999668
8.013252
8.023602
8.031275
8.036871
8.040954
8.043930
8.046024
8.047353
8.047965
8.048257
8.048416
8.048515
8.048580
8.048626
8.048661
8.048689
8.048712
8.048734
8.048754
8.048775
8.048796
8.048820
8.048847
8.048879
8.048915
8.048958
8.049009
8.049070
8.049141
8.049226
8.049327
8.049447
8.049588
8.049756
8.049953
8.050186
8.050459
8.050780
8.051154
8.051591
8.052102
8.052703
8.053392
8.054183
8.055091
8.056130
8.057317
8.058672
8.060214
8.061969
8.063965
8.066232
8.068805
8.071718
8.075007
8.078725
8.082767
8.087513
8.094188
8.102453
8.109292
8.114123
8.117755
8.120538
8.122424
