6.166945
6.166915
6.166872
6.166826
6.166783
6.166750
6.166721
6.166695
6.166671
6.166648
6.166626
6.166605
6.166584
6.166563
6.166543
6.166524
6.166505
6.166486
6.166468
6.166450
6.166432
6.166415
6.166398
6.166382
6.166366
6.166351
6.166335
6.166321
6.166306
6.166292
6.166278
6.166265
6.166252
6.166239
6.166226
6.166214
6.166202
6.166191
6.166180
6.166169
6.166159
6.166148
6.166138
6.166129
6.166119
6.166110
6.166102
6.166093
6.166085
6.166077
6.166070
6.166063
6.166056
6.166049
6.166043
6.166037
6.166031
6.166026
6.166021
6.166017
6.166012
6.166008
6.166005
6.166002
6.165999
6.165997
6.165995
6.165994
6.165993
6.165993
6.165993
6.165995
6.165997
6.165999
6.166003
6.166007
6.166013
6.166020
6.166029
6.166039
6.166052
6.166067
6.166085
6.166105
6.166128
6.166154
6.166182
6.166215
6.166250
6.166289
6.166332
6.166378
6.166429
6.166484
6.166543
6.166607
6.166675
6.166748
6.166826
6.166909
6.166997
6.167091
6.167190
6.167295
6.167405
6.167521
6.167644
6.167773
6.167908
6.168049
6.168197
6.168352
6.168514
6.168683
6.168861
6.169044
6.169233
6.169428
6.169630
6.169839
6.170054
6.170277
6.170507
6.170745
6.170990
6.171243
6.171504
6.171773
6.172050
6.172335
6.172629
6.172932
6.173243
6.173563
6.173892
6.174230
6.174577
6.174934
6.175300
6.175676
6.176061
6.176457
6.176862
6.177278
6.177703
6.178139
6.178586
6.179043
6.179510
6.179989
6.180478
6.180978
6.181489
6.182011
6.182545
6.183089
6.183646
6.184213
6.184793
6.185384
6.185987
6.186602
6.187228
6.187867
6.188517
6.189179
6.189853
6.190540
6.191238
6.191948
6.192670
6.193403
6.194149
6.194909
6.195687
6.196494
6.197357
6.198373
6.199448
6.200549
6.201668
6.202804
6.203958
6.205128
6.206315
6.207518
6.208737
6.209972
6.211222
6.212488
6.213769
6.215064
6.216374
6.217698
6.219036
6.220388
6.221754
6.223133
6.224525
6.225931
6.227349
6.228781
6.230225
6.231682
6.233152
6.234634
6.236129
6.237636
6.239157
6.240689
6.242235
6.243793
6.245364
6.246948
6.248545
6.250155
6.251779
6.253415
6.255066
6.256730
6.258407
6.260099
6.261805
6.263525
6.265259
6.267008
6.268772
6.270551
6.272344
6.274153
6.275977
6.277817
6.279672
6.281543
6.283430
6.285333
6.287253
6.289188
6.291140
6.293109
6.295094
6.297096
6.299115
6.301151
6.303204
6.305275
6.307363
6.309469
6.311592
6.313733
6.315892
6.318068
6.320263
6.322476
6.324706
6.326955
6.329223
6.331508
6.333812
6.336135
6.338476
6.340836
6.343215
6.345612
6.348028
6.350462
6.352916
6.355388
6.357880
6.360390
6.362919
6.365467
6.368034
6.370620
6.373224
6.375846
6.378464
6.380889
6.383308
6.385743
6.388194
6.390663
6.393149
6.395652
6.398172
6.400710
6.403265
6.405838
6.408428
6.411035
6.413659
6.416301
6.418960
6.421636
6.424330
6.427041
6.429769
6.432514
6.435277
6.438056
6.440853
6.443666
6.446497
6.449344
6.452208
6.455089
6.457986
6.460900
6.463830
6.466777
6.469740
6.472719
6.475714
6.478726
6.481752
6.484795
6.487853
6.490926
6.494015
6.497118
6.500236
6.503370
6.506517
6.509679
6.512855
6.516045
6.519249
6.522466
6.525697
6.528940
6.532197
6.535467
6.538749
6.542043
6.545349
6.548666
6.551995
6.555335
6.558686
6.562047
6.565419
6.568800
6.572191
6.575591
6.579000
6.582417
6.585843
6.589276
6.592716
6.596164
6.599618
6.603078
6.606544
6.610015
6.613491
6.616971
6.620456
6.623943
6.627434
6.630928
6.634423
6.637921
6.641420
6.644920
6.648421
6.651923
6.655425
6.658927
6.662430
6.665933
6.669436
6.672939
6.676442
6.679945
6.683448
6.686950
6.690442
6.693825
6.697198
6.700568
6.703935
6.707296
6.710653
6.714002
6.717344
6.720676
6.723999
6.727309
6.730608
6.733892
6.737162
6.740416
6.743654
6.746873
6.750074
6.753255
6.756415
6.759552
6.762666
6.765754
6.768815
6.771848
6.774852
6.777824
6.780764
6.783671
6.786544
6.789383
6.792191
6.794968
6.797719
6.800449
6.803165
6.805877
6.808597
6.811340
6.814121
6.816955
6.819853
6.822818
6.825844
6.828912
6.831999
6.835074
6.838107
6.841072
6.843945
6.846707
6.849345
6.851850
6.854214
6.856435
6.858511
6.860443
6.862232
6.863882
6.865397
6.866784
6.868047
6.869195
6.870234
6.871173
6.872020
6.872783
6.873470
6.874086
6.874634
6.875113
6.875526
6.875881
6.876183
6.876440
6.876660
6.876836
6.876973
6.877082
6.877168
6.877237
6.877291
6.877332
6.877364
6.877389
6.877407
6.877421
6.877432
6.877440
6.877447
6.877453
6.877458
6.877462
6.877467
6.877471
6.877476
6.877481
6.877488
6.877496
6.877507
6.877523
6.877547
6.877588
6.877655
6.877771
6.877954
6.878222
6.878602
6.879127
6.879841
6.880804
6.882090
6.883784
6.885976
6.888759
6.892220
6.896444
6.901525
6.907571
6.914706
6.923070
6.932813
6.944097
6.957087
6.971959
6.988889
7.008059
7.029650
7.053843
7.080812
7.110723
7.143733
7.179985
7.219609
7.262723
7.309435
7.359844
7.414044
7.472117
7.534171
7.602269
7.674403
7.750241
7.829282
7.910773
7.993718
8.076925
8.159101
8.238967
8.315359
8.387267
8.453741
8.513837
8.567229
8.613449
8.656444
8.691433
8.712593
8.724313
8.731173
8.734508
8.735184
8.735243
8.735165
8.735041
8.734830
8.734699
8.734405
8.734045
8.733842
8.733546
8.733223
8.732892
8.732537
8.732157
8.731754
8.731327
8.730876
8.730399
8.729896
8.729365
8.728805
8.728214
8.727587
8.726921
8.726208
8.725441
8.724605
8.723680
8.722633
8.721408
8.719935
8.718371
8.716852
8.713668
8.708647
8.704916
8.696169
8.682515
