6.168550
6.168519
6.168476
6.168428
6.168385
6.168351
6.168322
6.168296
6.168272
6.168249
6.168226
6.168205
6.168184
6.168164
6.168144
6.168124
6.168105
6.168086
6.168068
6.168051
6.168033
6.168016
6.168000
6.167984
6.167968
6.167953
6.167938
6.167923
6.167909
6.167895
6.167881
6.167868
6.167855
6.167843
6.167831
6.167819
6.167808
6.167797
6.167786
6.167775
6.167765
6.167755
6.167746
6.167737
6.167728
6.167719
6.167711
6.167703
6.167695
6.167688
6.167681
6.167674
6.167668
6.167662
6.167656
6.167651
6.167646
6.167641
6.167637
6.167633
6.167630
6.167627
6.167624
6.167622
6.167620
6.167619
6.167618
6.167619
6.167619
6.167621
6.167623
6.167626
6.167631
6.167636
6.167642
6.167650
6.167659
6.167670
6.167683
6.167699
6.167717
6.167738
6.167762
6.167789
6.167819
6.167852
6.167889
6.167930
6.167974
6.168022
6.168075
6.168131
6.168192
6.168258
6.168328
6.168403
6.168483
6.168568
6.168659
6.168754
6.168856
6.168963
6.169075
6.169194
6.169319
6.169450
6.169587
6.169731
6.169882
6.170040
6.170204
6.170376
6.170556
6.170744
6.170939
6.171139
6.171347
6.171561
6.171782
6.172011
6.172247
6.172492
6.172744
6.173004
6.173272
6.173548
6.173833
6.174127
6.174430
6.174741
6.175061
6.175391
6.175729
6.176078
6.176436
6.176803
6.177180
6.177568
6.177965
6.178373
6.178791
6.179219
6.179659
6.180108
6.180569
6.181040
6.181523
6.182017
6.182522
6.183038
6.183566
6.184105
6.184656
6.185219
6.185793
6.186379
6.186977
6.187587
6.188209
6.188843
6.189489
6.190148
6.190818
6.191500
6.192195
6.192902
6.193621
6.194352
6.195096
6.195852
6.196620
6.197401
6.198194
6.199001
6.199827
6.200684
6.201600
6.202681
6.203824
6.204993
6.206181
6.207386
6.208608
6.209847
6.211103
6.212376
6.213664
6.214969
6.216289
6.217625
6.218977
6.220343
6.221725
6.223121
6.224531
6.225956
6.227395
6.228849
6.230316
6.231796
6.233291
6.234799
6.236320
6.237855
6.239403
6.240964
6.242538
6.244126
6.245726
6.247340
6.248967
6.250607
6.252260
6.253926
6.255606
6.257298
6.259004
6.260724
6.262456
6.264202
6.265962
6.267735
6.269522
6.271322
6.273136
6.274964
6.276806
6.278661
6.280530
6.282413
6.284310
6.286220
6.288145
6.290083
6.292036
6.294002
6.295983
6.297977
6.299986
6.302009
6.304045
6.306096
6.308161
6.310240
6.312332
6.314439
6.316560
6.318695
6.320844
6.323006
6.325183
6.327373
6.329578
6.331796
6.334028
6.336274
6.338533
6.340807
6.343094
6.345395
6.347709
6.350037
6.352379
6.354735
6.357104
6.359487
6.361883
6.364293
6.366717
6.369155
6.371606
6.374071
6.376550
6.379043
6.381549
6.384068
6.386578
6.388919
6.391249
6.393590
6.395944
6.398311
6.400690
6.403083
6.405488
6.407906
6.410337
6.412781
6.415237
6.417706
6.420188
6.422682
6.425190
6.427710
6.430242
6.432788
6.435347
6.437918
6.440503
6.443101
6.445711
6.448335
6.450972
6.453622
6.456285
6.458961
6.461651
6.464354
6.467070
6.469799
6.472542
6.475299
6.478068
6.480851
6.483648
6.486458
6.489281
6.492118
6.494969
6.497833
6.500710
6.503601
6.506505
6.509422
6.512353
6.515297
6.518254
6.521225
6.524208
6.527204
6.530214
6.533236
6.536270
6.539317
6.542377
6.545449
6.548532
6.551628
6.554735
6.557853
6.560983
6.564124
6.567275
6.570436
6.573608
6.576789
6.579980
6.583180
6.586388
6.589605
6.592829
6.596061
6.599299
6.602544
6.605795
6.609051
6.612312
6.615577
6.618845
6.622116
6.625390
6.628666
6.631942
6.635218
6.638495
6.641770
6.645043
6.648313
6.651581
6.654843
6.658101
6.661354
6.664600
6.667839
6.671070
6.674292
6.677497
6.680601
6.683687
6.686762
6.689827
6.692882
6.695926
6.698960
6.701984
6.704998
6.708003
6.710999
6.713988
6.716970
6.719944
6.722914
6.725877
6.728837
6.731791
6.734742
6.737689
6.740632
6.743571
6.746505
6.749435
6.752359
6.755278
6.758190
6.761094
6.763991
6.766879
6.769758
6.772626
6.775484
6.778329
6.781160
6.783976
6.786773
6.789550
6.792306
6.795039
6.797749
6.800437
6.803103
6.805750
6.808379
6.810992
6.813592
6.816181
6.818759
6.821327
6.823885
6.826432
6.828966
6.831486
6.833989
6.836472
6.838932
6.841367
6.843774
6.846149
6.848489
6.850793
6.853057
6.855280
6.857460
6.859594
6.861682
6.863722
6.865713
6.867654
6.869546
6.871387
6.873179
6.874921
6.876614
6.878259
6.879859
6.881414
6.882927
6.884400
6.885836
6.887238
6.888611
6.889957
6.891282
6.892591
6.893890
6.895185
6.896484
6.897796
6.899130
6.900496
6.901909
6.903381
6.904929
6.906570
6.908327
6.910221
6.912279
6.914531
6.917030
6.919792
6.922852
6.926247
6.930019
6.934209
6.938861
6.944016
6.949719
6.956014
6.962944
6.970553
6.978888
6.987995
6.997923
7.008724
7.020456
7.033181
7.046968
7.061894
7.078045
7.095517
7.114419
7.134870
7.157002
7.180962
7.206905
7.235000
7.265418
7.298331
7.333896
7.372250
7.413486
7.457645
7.504699
7.554543
7.606988
7.661769
7.718555
7.777004
7.837783
7.899349
7.961174
8.022783
8.083726
8.143586
8.201990
8.258607
8.313136
8.365278
8.414712
8.461150
8.504475
8.543046
8.578642
8.611048
8.637153
8.655871
8.668322
8.675935
8.679944
8.680349
8.680327
8.680207
8.680120
8.679817
8.679681
8.679326
8.679111
8.678830
8.678531
8.678209
8.677863
8.677493
8.677100
8.676684
8.676245
8.675783
8.675298
8.674788
8.674255
8.673696
8.673111
8.672497
8.671852
8.671173
8.670456
8.669694
8.668881
8.668004
8.667051
8.666002
8.664828
8.663485
8.661904
8.659967
8.657488
8.654056
8.648207
