6.168541
6.168510
6.168467
6.168419
6.168376
6.168342
6.168313
6.168287
6.168262
6.168239
6.168217
6.168195
6.168174
6.168154
6.168134
6.168114
6.168095
6.168076
6.168058
6.168040
6.168023
6.168006
6.167989
6.167973
6.167957
6.167941
6.167926
6.167912
6.167897
6.167883
6.167869
6.167856
6.167843
6.167830
6.167818
6.167806
6.167795
6.167783
6.167772
6.167762
6.167751
6.167741
6.167731
6.167722
6.167713
6.167704
6.167695
6.167687
6.167679
6.167672
6.167664
6.167657
6.167651
6.167644
6.167638
6.167633
6.167627
6.167622
6.167618
6.167613
6.167609
6.167606
6.167603
6.167600
6.167598
6.167596
6.167595
6.167594
6.167594
6.167595
6.167596
6.167598
6.167601
6.167606
6.167611
6.167617
6.167624
6.167634
6.167645
6.167659
6.167675
6.167694
6.167716
6.167740
6.167768
6.167798
6.167833
6.167870
6.167912
6.167957
6.168006
6.168060
6.168118
6.168180
6.168247
6.168319
6.168396
6.168478
6.168565
6.168657
6.168755
6.168859
6.168968
6.169084
6.169205
6.169333
6.169467
6.169608
6.169755
6.169909
6.170070
6.170239
6.170414
6.170598
6.170788
6.170988
6.171195
6.171408
6.171627
6.171854
6.172088
6.172330
6.172580
6.172838
6.173104
6.173379
6.173662
6.173954
6.174255
6.174565
6.174884
6.175213
6.175551
6.175899
6.176256
6.176623
6.177001
6.177388
6.177786
6.178194
6.178613
6.179043
6.179483
6.179935
6.180398
6.180871
6.181356
6.181853
6.182361
6.182881
6.183412
6.183956
6.184511
6.185078
6.185657
6.186249
6.186852
6.187468
6.188096
6.188737
6.189389
6.190054
6.190732
6.191422
6.192124
6.192839
6.193567
6.194307
6.195059
6.195824
6.196601
6.197390
6.198192
6.199008
6.199844
6.200712
6.201640
6.202730
6.203886
6.205068
6.206268
6.207487
6.208723
6.209975
6.211244
6.212530
6.213832
6.215150
6.216484
6.217834
6.219199
6.220580
6.221975
6.223386
6.224810
6.226250
6.227703
6.229171
6.230653
6.232148
6.233657
6.235180
6.236716
6.238266
6.239829
6.241405
6.242994
6.244597
6.246213
6.247842
6.249484
6.251139
6.252808
6.254490
6.256185
6.257893
6.259615
6.261350
6.263098
6.264860
6.266635
6.268424
6.270226
6.272041
6.273870
6.275713
6.277569
6.279439
6.281323
6.283220
6.285131
6.287056
6.288994
6.290946
6.292911
6.294891
6.296883
6.298890
6.300910
6.302944
6.304991
6.307051
6.309126
6.311213
6.313314
6.315429
6.317556
6.319697
6.321852
6.324020
6.326200
6.328394
6.330602
6.332822
6.335055
6.337301
6.339560
6.341833
6.344118
6.346416
6.348727
6.351050
6.353387
6.355736
6.358098
6.360473
6.362861
6.365261
6.367675
6.370102
6.372541
6.374994
6.377460
6.379939
6.382432
6.384935
6.387430
6.389770
6.392098
6.394436
6.396787
6.399151
6.401527
6.403916
6.406318
6.408731
6.411158
6.413596
6.416047
6.418510
6.420986
6.423474
6.425975
6.428488
6.431013
6.433551
6.436102
6.438665
6.441241
6.443829
6.446430
6.449044
6.451671
6.454311
6.456964
6.459630
6.462309
6.465001
6.467706
6.470425
6.473156
6.475901
6.478660
6.481432
6.484217
6.487015
6.489827
6.492653
6.495492
6.498345
6.501211
6.504090
6.506983
6.509890
6.512809
6.515743
6.518689
6.521649
6.524622
6.527608
6.530607
6.533619
6.536644
6.539682
6.542732
6.545794
6.548869
6.551955
6.555054
6.558163
6.561284
6.564416
6.567559
6.570712
6.573875
6.577048
6.580231
6.583422
6.586622
6.589831
6.593047
6.596270
6.599500
6.602736
6.605977
6.609224
6.612476
6.615731
6.618989
6.622250
6.625513
6.628777
6.632041
6.635305
6.638567
6.641828
6.645086
6.648339
6.651589
6.654832
6.658069
6.661298
6.664519
6.667731
6.670932
6.674121
6.677291
6.680364
6.683417
6.686457
6.689482
6.692495
6.695494
6.698481
6.701455
6.704417
6.707368
6.710309
6.713240
6.716161
6.719075
6.721982
6.724882
6.727776
6.730665
6.733550
6.736430
6.739307
6.742181
6.745051
6.747919
6.750783
6.753645
6.756503
6.759358
6.762210
6.765057
6.767900
6.770736
6.773564
6.776378
6.779174
6.781946
6.784687
6.787392
6.790060
6.792690
6.795282
6.797841
6.800371
6.802879
6.805373
6.807864
6.810367
6.812898
6.815477
6.818121
6.820841
6.823626
6.826450
6.829271
6.832049
6.834750
6.837352
6.839846
6.842228
6.844500
6.846668
6.848738
6.850718
6.852617
6.854441
6.856203
6.857911
6.859574
6.861197
6.862787
6.864350
6.865889
6.867411
6.868921
6.870423
6.871922
6.873423
6.874930
6.876449
6.877983
6.879538
6.881117
6.882724
6.884364
6.886039
6.887753
6.889510
6.891311
6.893161
6.895061
6.897013
6.899021
6.901087
6.903212
6.905400
6.907654
6.909976
6.912370
6.914839
6.917388
6.920020
6.922744
6.925564
6.928488
6.931525
6.934684
6.937975
6.941412
6.945010
6.948788
6.952771
6.956997
6.961521
6.966393
6.971672
6.977425
6.983730
6.990679
6.998377
7.006947
7.016527
7.027277
7.039374
7.053015
7.068417
7.085812
7.105448
7.127582
7.152473
7.180380
7.211548
7.246201
7.284532
7.326688
7.372758
7.422761
7.476627
7.534191
7.595181
7.659259
7.726762
7.796348
7.867295
7.938925
8.010649
8.082088
8.153096
8.223428
8.291934
8.356374
8.414577
8.465248
8.507213
8.541449
8.568885
8.590469
8.607104
8.619621
8.629071
8.636200
8.641149
8.643734
8.644266
8.644299
8.644213
8.644103
8.643829
8.643707
8.643344
8.643160
8.642829
8.642551
8.642240
8.641903
8.641541
8.641156
8.640746
8.640313
8.639856
8.639375
8.638869
8.638338
8.637780
8.637194
8.636578
8.635928
8.635241
8.634512
8.633733
8.632895
8.631984
8.630984
8.629867
8.628593
8.627093
8.625250
8.622840
8.619483
8.614083
