6.133606
6.133574
6.133529
6.133480
6.133436
6.133401
6.133371
6.133344
6.133319
6.133295
6.133272
6.133250
6.133228
6.133207
6.133186
6.133165
6.133145
6.133126
6.133106
6.133088
6.133069
6.133051
6.133034
6.133016
6.132999
6.132983
6.132967
6.132951
6.132936
6.132921
6.132906
6.132892
6.132878
6.132864
6.132851
6.132838
6.132825
6.132813
6.132801
6.132789
6.132777
6.132766
6.132755
6.132745
6.132734
6.132724
6.132715
6.132705
6.132696
6.132687
6.132678
6.132670
6.132662
6.132654
6.132646
6.132639
6.132632
6.132625
6.132619
6.132612
6.132607
6.132601
6.132596
6.132590
6.132586
6.132581
6.132577
6.132573
6.132570
6.132567
6.132565
6.132563
6.132561
6.132560
6.132560
6.132560
6.132561
6.132564
6.132568
6.132573
6.132580
6.132589
6.132599
6.132612
6.132627
6.132644
6.132663
6.132684
6.132708
6.132734
6.132762
6.132794
6.132828
6.132864
6.132903
6.132946
6.132991
6.133039
6.133090
6.133144
6.133202
6.133262
6.133326
6.133394
6.133465
6.133540
6.133618
6.133701
6.133787
6.133877
6.133971
6.134069
6.134172
6.134278
6.134390
6.134505
6.134626
6.134751
6.134881
6.135016
6.135156
6.135302
6.135452
6.135608
6.135770
6.135937
6.136110
6.136289
6.136474
6.136665
6.136863
6.137067
6.137278
6.137495
6.137719
6.137950
6.138189
6.138434
6.138688
6.138948
6.139217
6.139494
6.139778
6.140071
6.140373
6.140683
6.141001
6.141329
6.141666
6.142012
6.142367
6.142732
6.143107
6.143492
6.143887
6.144289
6.144700
6.145120
6.145549
6.145988
6.146436
6.146894
6.147362
6.147840
6.148329
6.148827
6.149337
6.149856
6.150387
6.150929
6.151483
6.152048
6.152627
6.153221
6.153832
6.154468
6.155138
6.155871
6.156658
6.157476
6.158318
6.159180
6.160061
6.160960
6.161876
6.162811
6.163764
6.164735
6.165725
6.166732
6.167759
6.168804
6.169867
6.170949
6.172049
6.173168
6.174304
6.175460
6.176633
6.177824
6.179034
6.180261
6.181506
6.182769
6.184049
6.185347
6.186662
6.187994
6.189344
6.190710
6.192093
6.193493
6.194909
6.196342
6.197791
6.199256
6.200738
6.202236
6.203749
6.205279
6.206824
6.208385
6.209962
6.211555
6.213163
6.214787
6.216427
6.218083
6.219754
6.221441
6.223143
6.224862
6.226596
6.228346
6.230112
6.231894
6.233693
6.235507
6.237337
6.239184
6.241047
6.242926
6.244822
6.246734
6.248663
6.250609
6.252571
6.254550
6.256546
6.258559
6.260588
6.262635
6.264699
6.266780
6.268877
6.270992
6.273125
6.275274
6.277441
6.279624
6.281825
6.284043
6.286279
6.288532
6.290802
6.293089
6.295393
6.297715
6.300053
6.302409
6.304782
6.307173
6.309580
6.312004
6.314443
6.316892
6.319321
6.321619
6.323881
6.326144
6.328423
6.330718
6.333028
6.335354
6.337695
6.340052
6.342424
6.344811
6.347214
6.349632
6.352066
6.354514
6.356979
6.359458
6.361953
6.364463
6.366989
6.369530
6.372086
6.374658
6.377246
6.379848
6.382467
6.385101
6.387750
6.390415
6.393096
6.395792
6.398504
6.401231
6.403974
6.406733
6.409508
6.412299
6.415105
6.417927
6.420766
6.423620
6.426490
6.429376
6.432278
6.435197
6.438131
6.441082
6.444050
6.447033
6.450033
6.453049
6.456082
6.459131
6.462197
6.465280
6.468379
6.471495
6.474628
6.477778
6.480945
6.484129
6.487330
6.490548
6.493783
6.497035
6.500305
6.503592
6.506896
6.510218
6.513557
6.516914
6.520288
6.523680
6.527089
6.530517
6.533961
6.537424
6.540904
6.544402
6.547918
6.551452
6.555003
6.558572
6.562159
6.565764
6.569386
6.573026
6.576684
6.580360
6.584053
6.587764
6.591492
6.595238
6.599002
6.602783
6.606581
6.610396
6.614228
6.618075
6.621922
6.625683
6.629444
6.633219
6.637010
6.640816
6.644638
6.648476
6.652329
6.656197
6.660081
6.663979
6.667893
6.671821
6.675763
6.679720
6.683691
6.687675
6.691673
6.695685
6.699710
6.703748
6.707799
6.711862
6.715938
6.720025
6.724124
6.728235
6.732357
6.736490
6.740634
6.744788
6.748952
6.753126
6.757310
6.761504
6.765706
6.769918
6.774138
6.778367
6.782605
6.786851
6.791105
6.795368
6.799638
6.803917
6.808204
6.812500
6.816805
6.821119
6.825442
6.829776
6.834121
6.838478
6.842847
6.847231
6.851631
6.856048
6.860485
6.864943
6.869426
6.873936
6.878477
6.883053
6.887668
6.892328
6.897037
6.901802
6.906630
6.911529
6.916507
6.921573
6.926738
6.932012
6.937408
6.942939
6.948619
6.954463
6.960488
6.966710
6.973149
6.979822
6.986752
6.993958
7.001462
7.009287
7.017457
7.025994
7.034924
7.044268
7.054053
7.064302
7.075038
7.086284
7.098064
7.110398
7.123306
7.136808
7.150923
7.165667
7.181085
7.197622
7.214876
7.232829
7.251483
7.270844
7.290910
7.311681
7.333150
7.355308
7.378142
7.401635
7.425765
7.450504
7.475818
7.501667
7.528002
7.554766
7.581893
7.609309
7.636929
7.664658
7.692395
7.720030
7.747448
7.774534
7.801169
7.827244
7.852661
7.877345
7.901266
7.924484
7.947220
7.969854
7.992194
8.013318
8.030858
8.043577
8.052154
8.058015
8.062064
8.064424
8.065391
8.065723
8.065841
8.065872
8.065859
8.065818
8.065756
8.065677
8.065583
8.065478
8.065355
8.065228
8.065086
8.064919
8.064800
8.064588
8.064416
8.064240
8.064028
8.063832
8.063615
8.063397
8.063172
8.062945
8.062714
8.062481
8.062246
8.062012
8.061778
8.061545
8.061313
8.061084
8.060858
8.060633
8.060412
8.060192
8.059974
8.059757
8.059540
8.059322
8.059101
8.058876
8.058644
8.058403
8.058150
8.057880
8.057587
8.057266
8.056908
8.056501
8.056030
8.055472
8.054796
8.053947
8.052829
8.051254
8.048773
8.043938
