6.133606
6.133574
6.133529
6.133480
6.133436
6.133401
6.133371
6.133344
6.133319
6.133295
6.133272
6.133250
6.133228
6.133207
6.133186
6.133165
6.133145
6.133126
6.133106
6.133088
6.133069
6.133051
6.133034
6.133016
6.132999
6.132983
6.132967
6.132951
6.132936
6.132921
6.132906
6.132892
6.132878
6.132864
6.132851
6.132838
6.132825
6.132813
6.132801
6.132789
6.132777
6.132766
6.132755
6.132745
6.132734
6.132724
6.132715
6.132705
6.132696
6.132687
6.132678
6.132670
6.132662
6.132654
6.132646
6.132639
6.132632
6.132625
6.132619
6.132613
6.132607
6.132601
6.132596
6.132591
6.132586
6.132582
6.132578
6.132574
6.132571
6.132568
6.132565
6.132563
6.132562
6.132561
6.132561
6.132561
6.132563
6.132565
6.132569
6.132575
6.132582
6.132591
6.132602
6.132615
6.132630
6.132647
6.132667
6.132688
6.132712
6.132739
6.132768
6.132799
6.132833
6.132870
6.132910
6.132952
6.132997
6.133046
6.133097
6.133152
6.133209
6.133270
6.133335
6.133403
6.133474
6.133549
6.133628
6.133710
6.133796
6.133887
6.133981
6.134080
6.134182
6.134289
6.134401
6.134517
6.134638
6.134763
6.134894
6.135029
6.135169
6.135315
6.135466
6.135622
6.135784
6.135952
6.136125
6.136304
6.136490
6.136681
6.136879
6.137083
6.137294
6.137512
6.137736
6.137967
6.138206
6.138452
6.138705
6.138966
6.139234
6.139511
6.139796
6.140088
6.140390
6.140699
6.141018
6.141345
6.141681
6.142027
6.142382
6.142746
6.143120
6.143504
6.143897
6.144302
6.144716
6.145138
6.145569
6.146009
6.146459
6.146918
6.147387
6.147866
6.148355
6.148855
6.149365
6.149886
6.150418
6.150961
6.151516
6.152083
6.152663
6.153258
6.153872
6.154509
6.155180
6.155911
6.156696
6.157512
6.158353
6.159214
6.160094
6.160992
6.161909
6.162843
6.163796
6.164766
6.165755
6.166762
6.167788
6.168832
6.169894
6.170975
6.172075
6.173193
6.174329
6.175484
6.176657
6.177848
6.179057
6.180284
6.181529
6.182791
6.184071
6.185369
6.186684
6.188016
6.189365
6.190731
6.192114
6.193514
6.194930
6.196363
6.197812
6.199277
6.200759
6.202257
6.203770
6.205300
6.206845
6.208406
6.209983
6.211576
6.213185
6.214809
6.216449
6.218105
6.219776
6.221463
6.223166
6.224884
6.226619
6.228369
6.230136
6.231918
6.233716
6.235531
6.237361
6.239208
6.241072
6.242951
6.244847
6.246760
6.248689
6.250635
6.252597
6.254576
6.256572
6.258585
6.260615
6.262662
6.264726
6.266807
6.268905
6.271020
6.273152
6.275302
6.277468
6.279652
6.281853
6.284072
6.286307
6.288560
6.290830
6.293117
6.295422
6.297743
6.300082
6.302438
6.304811
6.307201
6.309608
6.312032
6.314471
6.316920
6.319350
6.321648
6.323908
6.326174
6.328453
6.330748
6.333058
6.335384
6.337725
6.340082
6.342454
6.344841
6.347244
6.349662
6.352095
6.354544
6.357008
6.359488
6.361982
6.364493
6.367018
6.369559
6.372116
6.374688
6.377275
6.379878
6.382497
6.385131
6.387780
6.390445
6.393126
6.395822
6.398534
6.401262
6.404005
6.406764
6.409539
6.412329
6.415136
6.417958
6.420796
6.423651
6.426521
6.429407
6.432310
6.435228
6.438163
6.441114
6.444081
6.447065
6.450065
6.453081
6.456114
6.459163
6.462229
6.465312
6.468412
6.471528
6.474661
6.477811
6.480978
6.484162
6.487363
6.490581
6.493816
6.497068
6.500338
6.503625
6.506929
6.510251
6.513590
6.516947
6.520321
6.523713
6.527123
6.530550
6.533995
6.537457
6.540938
6.544436
6.547952
6.551485
6.555036
6.558605
6.562192
6.565797
6.569419
6.573059
6.576717
6.580393
6.584086
6.587796
6.591525
6.595271
6.599034
6.602814
6.606612
6.610428
6.614259
6.618106
6.621952
6.625713
6.629474
6.633249
6.637039
6.640845
6.644667
6.648504
6.652357
6.656225
6.660108
6.664006
6.667919
6.671846
6.675788
6.679744
6.683715
6.687699
6.691697
6.695708
6.699732
6.703770
6.707820
6.711882
6.715957
6.720044
6.724142
6.728253
6.732374
6.736506
6.740649
6.744803
6.748966
6.753140
6.757323
6.761516
6.765718
6.769929
6.774148
6.778377
6.782614
6.786859
6.791113
6.795375
6.799645
6.803924
6.808211
6.812507
6.816811
6.821125
6.825449
6.829784
6.834129
6.838487
6.842858
6.847243
6.851644
6.856064
6.860503
6.864964
6.869450
6.873964
6.878510
6.883091
6.887712
6.892378
6.897095
6.901869
6.906706
6.911615
6.916604
6.921683
6.926861
6.932151
6.937563
6.943112
6.948811
6.954676
6.960723
6.966969
6.973432
6.980132
6.987089
6.994324
7.001859
7.009716
7.017918
7.026489
7.035452
7.044831
7.054650
7.064933
7.075704
7.086984
7.098797
7.111163
7.124102
7.137635
7.151777
7.166549
7.181994
7.198555
7.215834
7.233810
7.252490
7.271877
7.291973
7.312779
7.334291
7.356504
7.379408
7.402989
7.427230
7.452109
7.477595
7.503653
7.530236
7.557288
7.584742
7.612517
7.640518
7.668637
7.696751
7.724730
7.752433
7.779721
7.806465
7.832557
7.857948
7.882720
7.907246
7.932296
7.957881
7.980400
7.997288
8.009136
8.017666
8.023934
8.028286
8.031005
8.032620
8.033512
8.033996
8.034268
8.034425
8.034515
8.034563
8.034582
8.034581
8.034565
8.034537
8.034500
8.034456
8.034406
8.034351
8.034292
8.034231
8.034167
8.034103
8.034039
8.033976
8.033914
8.033854
8.033798
8.033746
8.033700
8.033661
8.033629
8.033606
8.033593
8.033592
8.033605
8.033634
8.033681
8.033750
8.033844
8.033967
8.034126
8.034328
8.034582
8.034899
8.035297
8.035797
8.036432
8.037236
8.038213
8.039268
8.040240
8.041049
8.041700
8.042212
8.042590
8.042830
8.042919
8.042833
8.042527
8.041927
8.040893
8.039117
8.035679
