6.166710
6.166680
6.166637
6.166590
6.166548
6.166515
6.166486
6.166461
6.166437
6.166414
6.166392
6.166370
6.166349
6.166329
6.166309
6.166290
6.166271
6.166252
6.166234
6.166216
6.166199
6.166182
6.166165
6.166149
6.166133
6.166118
6.166103
6.166088
6.166074
6.166060
6.166046
6.166033
6.166020
6.166008
6.165995
6.165983
6.165972
6.165960
6.165950
6.165939
6.165929
6.165919
6.165909
6.165899
6.165890
6.165882
6.165873
6.165865
6.165857
6.165850
6.165842
6.165836
6.165829
6.165823
6.165817
6.165811
6.165806
6.165801
6.165797
6.165792
6.165789
6.165785
6.165782
6.165780
6.165778
6.165776
6.165775
6.165775
6.165775
6.165776
6.165778
6.165780
6.165783
6.165788
6.165793
6.165799
6.165806
6.165816
6.165827
6.165840
6.165855
6.165873
6.165894
6.165917
6.165943
6.165972
6.166005
6.166040
6.166080
6.166122
6.166169
6.166220
6.166274
6.166333
6.166397
6.166464
6.166537
6.166614
6.166696
6.166784
6.166877
6.166975
6.167078
6.167187
6.167302
6.167423
6.167550
6.167683
6.167822
6.167968
6.168121
6.168280
6.168446
6.168619
6.168799
6.168986
6.169182
6.169385
6.169593
6.169807
6.170029
6.170257
6.170492
6.170735
6.170985
6.171243
6.171509
6.171782
6.172064
6.172354
6.172653
6.172960
6.173275
6.173600
6.173933
6.174275
6.174626
6.174987
6.175357
6.175737
6.176126
6.176525
6.176934
6.177353
6.177782
6.178221
6.178670
6.179130
6.179601
6.180082
6.180575
6.181078
6.181592
6.182117
6.182653
6.183201
6.183759
6.184330
6.184911
6.185505
6.186110
6.186726
6.187354
6.187994
6.188646
6.189310
6.189985
6.190673
6.191373
6.192084
6.192808
6.193544
6.194292
6.195056
6.195839
6.196652
6.197520
6.198531
6.199602
6.200699
6.201815
6.202948
6.204099
6.205267
6.206452
6.207653
6.208870
6.210104
6.211354
6.212619
6.213900
6.215196
6.216508
6.217834
6.219175
6.220531
6.221901
6.223285
6.224684
6.226096
6.227522
6.228961
6.230415
6.231881
6.233361
6.234854
6.236361
6.237881
6.239413
6.240960
6.242519
6.244091
6.245677
6.247276
6.248888
6.250514
6.252153
6.253806
6.255473
6.257153
6.258847
6.260556
6.262278
6.264014
6.265765
6.267530
6.269309
6.271104
6.272913
6.274737
6.276575
6.278430
6.280299
6.282184
6.284084
6.286000
6.287931
6.289879
6.291842
6.293821
6.295817
6.297829
6.299857
6.301901
6.303962
6.306040
6.308134
6.310245
6.312373
6.314518
6.316680
6.318859
6.321055
6.323268
6.325499
6.327747
6.330012
6.332294
6.334594
6.336912
6.339247
6.341599
6.343969
6.346357
6.348763
6.351186
6.353626
6.356085
6.358561
6.361055
6.363567
6.366096
6.368643
6.371208
6.373790
6.376388
6.378980
6.381409
6.383828
6.386262
6.388711
6.391178
6.393660
6.396160
6.398675
6.401208
6.403757
6.406322
6.408904
6.411503
6.414118
6.416750
6.419399
6.422064
6.424746
6.427445
6.430160
6.432892
6.435641
6.438406
6.441188
6.443986
6.446801
6.449633
6.452481
6.455345
6.458225
6.461122
6.464035
6.466964
6.469909
6.472870
6.475847
6.478840
6.481849
6.484873
6.487913
6.490967
6.494038
6.497123
6.500223
6.503338
6.506468
6.509612
6.512770
6.515943
6.519130
6.522330
6.525544
6.528772
6.532012
6.535266
6.538532
6.541810
6.545101
6.548404
6.551718
6.555044
6.558382
6.561730
6.565088
6.568457
6.571836
6.575224
6.578622
6.582029
6.585444
6.588867
6.592298
6.595736
6.599182
6.602634
6.606092
6.609556
6.613025
6.616499
6.619978
6.623461
6.626947
6.630437
6.633930
6.637426
6.640924
6.644425
6.647927
6.651432
6.654939
6.658448
6.661960
6.665474
6.668991
6.672510
6.676032
6.679558
6.683086
6.686617
6.690140
6.693562
6.696977
6.700390
6.703802
6.707211
6.710617
6.714017
6.717410
6.720795
6.724170
6.727535
6.730887
6.734227
6.737554
6.740867
6.744167
6.747453
6.750726
6.753987
6.757238
6.760481
6.763720
6.766959
6.770203
6.773459
6.776734
6.780038
6.783379
6.786766
6.790204
6.793699
6.797250
6.800852
6.804500
6.808180
6.811879
6.815584
6.819280
6.822954
6.826594
6.830190
6.833735
6.837221
6.840644
6.843999
6.847281
6.850487
6.853613
6.856656
6.859613
6.862481
6.865256
6.867939
6.870525
6.873016
6.875410
6.877708
6.879910
6.882019
6.884036
6.885965
6.887809
6.889571
6.891256
6.892868
6.894411
6.895892
6.897315
6.898688
6.900014
6.901298
6.902546
6.903760
6.904946
6.906108
6.907249
6.908376
6.909492
6.910601
6.911710
6.912823
6.913945
6.915083
6.916243
6.917432
6.918657
6.919925
6.921246
6.922629
6.924082
6.925618
6.927246
6.928978
6.930825
6.932801
6.934918
6.937189
6.939629
6.942258
6.945093
6.948157
6.951465
6.955038
6.958895
6.963061
6.967560
6.972419
6.977665
6.983330
6.989446
6.996048
7.003175
7.010869
7.019175
7.028143
7.037826
7.048284
7.059583
7.071791
7.084988
7.099256
7.114685
7.131371
7.149416
7.168926
7.190011
7.212781
7.237348
7.263819
7.292296
7.322871
7.355625
7.390623
7.427910
7.467507
7.509413
7.553592
7.599981
7.648483
7.699000
7.751968
7.806609
7.862623
7.919710
7.977536
8.035741
8.093952
8.151812
8.209046
8.265615
8.321927
8.378543
8.434286
8.485519
8.528972
8.564597
8.593232
8.615908
8.633568
8.647323
8.658078
8.666539
8.672273
8.675785
8.677532
8.678010
8.678060
8.677972
8.677806
8.677703
8.677342
8.677185
8.676762
8.676515
8.676202
8.675866
8.675504
8.675115
8.674699
8.674255
8.673782
8.673281
8.672749
8.672185
8.671586
8.670951
8.670274
8.669551
8.668775
8.667937
8.667027
8.666030
8.664927
8.663688
8.662268
8.660593
8.658501
8.654844
8.645081
