6.133606
6.133574
6.133529
6.133480
6.133436
6.133401
6.133371
6.133344
6.133319
6.133295
6.133272
6.133250
6.133228
6.133207
6.133186
6.133165
6.133145
6.133126
6.133106
6.133088
6.133069
6.133051
6.133034
6.133016
6.132999
6.132983
6.132967
6.132951
6.132936
6.132921
6.132906
6.132892
6.132878
6.132864
6.132851
6.132838
6.132825
6.132813
6.132801
6.132789
6.132777
6.132766
6.132755
6.132745
6.132734
6.132724
6.132715
6.132705
6.132696
6.132687
6.132678
6.132670
6.132662
6.132654
6.132646
6.132639
6.132632
6.132625
6.132619
6.132613
6.132607
6.132601
6.132596
6.132591
6.132586
6.132581
6.132577
6.132574
6.132570
6.132567
6.132565
6.132563
6.132562
6.132561
6.132560
6.132561
6.132562
6.132565
6.132569
6.132574
6.132581
6.132590
6.132601
6.132614
6.132629
6.132646
6.132665
6.132687
6.132711
6.132737
6.132766
6.132797
6.132831
6.132868
6.132907
6.132950
6.132995
6.133043
6.133094
6.133149
6.133206
6.133267
6.133332
6.133399
6.133471
6.133546
6.133624
6.133707
6.133793
6.133883
6.133977
6.134076
6.134178
6.134285
6.134397
6.134513
6.134633
6.134759
6.134889
6.135024
6.135165
6.135310
6.135461
6.135617
6.135779
6.135946
6.136120
6.136299
6.136484
6.136675
6.136873
6.137077
6.137288
6.137505
6.137730
6.137961
6.138200
6.138445
6.138699
6.138960
6.139228
6.139505
6.139789
6.140082
6.140383
6.140693
6.141012
6.141339
6.141675
6.142021
6.142376
6.142740
6.143114
6.143498
6.143892
6.144297
6.144710
6.145131
6.145562
6.146001
6.146450
6.146909
6.147378
6.147857
6.148346
6.148845
6.149355
6.149876
6.150407
6.150950
6.151504
6.152071
6.152650
6.153245
6.153858
6.154495
6.155166
6.155897
6.156683
6.157501
6.158341
6.159202
6.160082
6.160981
6.161897
6.162831
6.163784
6.164755
6.165744
6.166751
6.167776
6.168821
6.169883
6.170965
6.172065
6.173183
6.174320
6.175474
6.176648
6.177839
6.179048
6.180275
6.181520
6.182783
6.184063
6.185361
6.186676
6.188008
6.189357
6.190723
6.192106
6.193506
6.194922
6.196355
6.197804
6.199270
6.200751
6.202249
6.203762
6.205292
6.206837
6.208399
6.209976
6.211568
6.213177
6.214801
6.216441
6.218096
6.219768
6.221455
6.223158
6.224876
6.226611
6.228361
6.230127
6.231909
6.233708
6.235522
6.237353
6.239199
6.241062
6.242942
6.244838
6.246750
6.248679
6.250625
6.252587
6.254567
6.256563
6.258575
6.260605
6.262652
6.264716
6.266797
6.268895
6.271010
6.273142
6.275291
6.277458
6.279642
6.281843
6.284061
6.286297
6.288549
6.290819
6.293107
6.295411
6.297733
6.300071
6.302427
6.304800
6.307190
6.309598
6.312021
6.314461
6.316911
6.319342
6.321636
6.323896
6.326162
6.328442
6.330737
6.333047
6.335373
6.337714
6.340071
6.342443
6.344830
6.347233
6.349651
6.352084
6.354533
6.356997
6.359477
6.361971
6.364482
6.367007
6.369548
6.372105
6.374677
6.377264
6.379867
6.382486
6.385120
6.387769
6.390434
6.393115
6.395811
6.398523
6.401250
6.403994
6.406753
6.409527
6.412318
6.415124
6.417947
6.420785
6.423639
6.426509
6.429396
6.432298
6.435217
6.438151
6.441102
6.444069
6.447053
6.450053
6.453069
6.456102
6.459152
6.462218
6.465300
6.468400
6.471516
6.474649
6.477799
6.480966
6.484149
6.487350
6.490568
6.493804
6.497056
6.500326
6.503613
6.506917
6.510239
6.513578
6.516935
6.520309
6.523701
6.527110
6.530538
6.533982
6.537445
6.540925
6.544423
6.547939
6.551473
6.555024
6.558593
6.562180
6.565785
6.569407
6.573047
6.576705
6.580380
6.584074
6.587784
6.591513
6.595259
6.599022
6.602803
6.606601
6.610416
6.614248
6.618094
6.621941
6.625702
6.629463
6.633238
6.637028
6.640834
6.644656
6.648493
6.652346
6.656214
6.660098
6.663996
6.667909
6.671837
6.675779
6.679735
6.683706
6.687690
6.691688
6.695699
6.699724
6.703762
6.707812
6.711875
6.715950
6.720037
6.724136
6.728246
6.732368
6.736500
6.740643
6.744797
6.748961
6.753135
6.757318
6.761511
6.765713
6.769925
6.774145
6.778373
6.782611
6.786856
6.791110
6.795372
6.799643
6.803921
6.808208
6.812504
6.816809
6.821123
6.825447
6.829781
6.834126
6.838483
6.842854
6.847239
6.851639
6.856058
6.860496
6.864956
6.869441
6.873953
6.878497
6.883077
6.887696
6.892359
6.897073
6.901844
6.906678
6.911583
6.916568
6.921642
6.926815
6.932099
6.937505
6.943047
6.948739
6.954596
6.960635
6.966872
6.973326
6.980016
6.986963
6.994187
7.001710
7.009555
7.017745
7.026303
7.035254
7.044620
7.054426
7.064697
7.075454
7.086722
7.098522
7.110876
7.123804
7.137324
7.151456
7.166217
7.181651
7.198201
7.215470
7.233435
7.252103
7.271477
7.291557
7.312345
7.333835
7.356020
7.378892
7.402437
7.426637
7.451472
7.476917
7.502939
7.529501
7.556557
7.584050
7.611913
7.640068
7.668419
7.696859
7.725265
7.753506
7.781452
7.808987
7.836046
7.862681
7.889162
7.915953
7.942831
7.967417
7.986926
8.001413
8.011883
8.019619
8.025398
8.029613
8.032294
8.033926
8.034829
8.035305
8.035562
8.035707
8.035789
8.035832
8.035850
8.035851
8.035839
8.035819
8.035791
8.035759
8.035722
8.035682
8.035641
8.035598
8.035556
8.035515
8.035475
8.035438
8.035405
8.035376
8.035353
8.035338
8.035330
8.035332
8.035346
8.035374
8.035417
8.035479
8.035562
8.035671
8.035810
8.035985
8.036202
8.036468
8.036793
8.037185
8.037657
8.038222
8.038892
8.039686
8.040620
8.041715
8.042994
8.044483
8.046214
8.048226
8.050568
8.053309
8.056433
8.060014
8.064029
8.068397
8.073062
8.078078
8.083678
8.090469
8.100431
