6.134304
6.134271
6.134227
6.134177
6.134133
6.134098
6.134069
6.134042
6.134018
6.133994
6.133972
6.133950
6.133929
6.133908
6.133888
6.133869
6.133850
6.133831
6.133813
6.133796
6.133778
6.133762
6.133745
6.133730
6.133714
6.133699
6.133685
6.133670
6.133657
6.133643
6.133630
6.133618
6.133606
6.133594
6.133582
6.133571
6.133560
6.133550
6.133540
6.133530
6.133521
6.133512
6.133504
6.133496
6.133488
6.133480
6.133473
6.133467
6.133461
6.133455
6.133449
6.133444
6.133440
6.133436
6.133433
6.133430
6.133427
6.133426
6.133425
6.133425
6.133426
6.133428
6.133431
6.133435
6.133440
6.133447
6.133454
6.133463
6.133473
6.133485
6.133497
6.133511
6.133527
6.133543
6.133561
6.133581
6.133602
6.133627
6.133655
6.133686
6.133720
6.133756
6.133794
6.133835
6.133879
6.133925
6.133974
6.134026
6.134081
6.134138
6.134199
6.134262
6.134329
6.134399
6.134472
6.134549
6.134629
6.134712
6.134799
6.134889
6.134983
6.135081
6.135183
6.135288
6.135397
6.135511
6.135628
6.135750
6.135875
6.136005
6.136140
6.136279
6.136422
6.136571
6.136724
6.136881
6.137044
6.137211
6.137384
6.137562
6.137745
6.137933
6.138127
6.138327
6.138532
6.138742
6.138959
6.139181
6.139410
6.139644
6.139885
6.140132
6.140386
6.140646
6.140912
6.141186
6.141466
6.141753
6.142048
6.142349
6.142658
6.142974
6.143298
6.143629
6.143968
6.144315
6.144669
6.145032
6.145403
6.145782
6.146170
6.146566
6.146971
6.147385
6.147808
6.148239
6.148680
6.149130
6.149590
6.150059
6.150537
6.151026
6.151524
6.152033
6.152551
6.153080
6.153619
6.154169
6.154730
6.155302
6.155885
6.156479
6.157085
6.157703
6.158335
6.158995
6.159695
6.160442
6.161227
6.162044
6.162887
6.163752
6.164635
6.165537
6.166455
6.167390
6.168342
6.169309
6.170294
6.171294
6.172311
6.173345
6.174395
6.175462
6.176546
6.177648
6.178766
6.179901
6.181054
6.182223
6.183411
6.184615
6.185837
6.187077
6.188334
6.189608
6.190901
6.192210
6.193538
6.194883
6.196246
6.197626
6.199024
6.200439
6.201872
6.203323
6.204791
6.206276
6.207779
6.209300
6.210839
6.212396
6.213970
6.215562
6.217172
6.218799
6.220444
6.222107
6.223786
6.225483
6.227198
6.228929
6.230678
6.232444
6.234227
6.236027
6.237844
6.239678
6.241529
6.243397
6.245282
6.247184
6.249103
6.251038
6.252990
6.254959
6.256945
6.258947
6.260966
6.263002
6.265055
6.267124
6.269210
6.271313
6.273432
6.275568
6.277721
6.279890
6.282076
6.284279
6.286498
6.288734
6.290987
6.293256
6.295542
6.297845
6.300164
6.302500
6.304853
6.307222
6.309608
6.312011
6.314430
6.316865
6.319314
6.321769
6.324197
6.326525
6.328816
6.331099
6.333389
6.335693
6.338013
6.340348
6.342698
6.345064
6.347445
6.349841
6.352253
6.354680
6.357122
6.359580
6.362053
6.364542
6.367046
6.369566
6.372101
6.374651
6.377217
6.379799
6.382396
6.385009
6.387638
6.390282
6.392941
6.395617
6.398308
6.401015
6.403737
6.406476
6.409230
6.412000
6.414786
6.417588
6.420405
6.423239
6.426089
6.428954
6.431836
6.434733
6.437647
6.440577
6.443522
6.446484
6.449462
6.452457
6.455467
6.458494
6.461537
6.464596
6.467672
6.470764
6.473872
6.476997
6.480138
6.483295
6.486469
6.489659
6.492866
6.496089
6.499328
6.502585
6.505857
6.509146
6.512451
6.515773
6.519112
6.522467
6.525838
6.529226
6.532630
6.536050
6.539487
6.542941
6.546410
6.549896
6.553399
6.556917
6.560452
6.564003
6.567570
6.571153
6.574752
6.578367
6.581998
6.585645
6.589308
6.592986
6.596680
6.600390
6.604115
6.607855
6.611611
6.615382
6.619167
6.622963
6.626754
6.630469
6.634179
6.637900
6.641633
6.645381
6.649143
6.652918
6.656708
6.660511
6.664328
6.668159
6.672004
6.675863
6.679735
6.683622
6.687522
6.691436
6.695365
6.699307
6.703264
6.707235
6.711222
6.715223
6.719240
6.723272
6.727321
6.731386
6.735469
6.739569
6.743688
6.747826
6.751985
6.756164
6.760366
6.764591
6.768841
6.773118
6.777422
6.781755
6.786120
6.790518
6.794953
6.799425
6.803939
6.808496
6.813101
6.817755
6.822464
6.827231
6.832061
6.836957
6.841925
6.846970
6.852099
6.857317
6.862630
6.868047
6.873575
6.879222
6.884997
6.890910
6.896973
6.903195
6.909590
6.916172
6.922955
6.929954
6.937188
6.944675
6.952434
6.960488
6.968858
6.977568
6.986643
6.996107
7.005984
7.016297
7.027068
7.038313
7.050046
7.062272
7.074991
7.088192
7.101855
7.115950
7.130437
7.145267
7.160384
7.175729
7.191242
7.206865
7.222550
7.238261
7.253978
7.269698
7.285432
7.301192
7.316971
7.332722
7.348353
7.363820
7.378721
7.392807
7.405889
7.417840
7.428583
7.438081
7.446410
7.453718
7.460140
7.465804
7.470823
7.474969
7.478280
7.480914
7.482977
7.484555
7.485721
7.486533
7.487052
7.487351
7.487504
7.487568
7.487579
7.487554
7.487507
7.487441
7.487372
7.487256
7.487206
7.487077
7.486917
7.486851
7.486684
7.486592
7.486407
7.486307
7.486086
7.485986
7.485871
7.485661
7.485492
7.485381
7.485256
7.485095
7.484917
7.484761
7.484625
7.484497
7.484370
7.484240
7.484091
7.483920
7.483753
7.483625
7.483517
7.483410
7.483269
7.483099
7.482956
7.482847
7.482758
7.482670
7.482555
7.482434
7.482342
7.482264
7.482194
7.482124
7.482066
7.482020
7.481987
7.481969
7.481968
7.481990
7.482037
7.482118
7.482241
7.482415
7.482651
7.482962
7.483358
7.483850
7.484447
7.485159
7.485991
7.486949
7.488034
7.489240
7.490509
7.491501
7.491910
7.491920
7.491640
7.491020
7.489919
7.488067
7.484892
7.478753
