6.148353
6.148321
6.148276
6.148228
6.148186
6.148154
6.148128
6.148105
6.148084
6.148065
6.148047
6.148030
6.148015
6.148000
6.147986
6.147973
6.147961
6.147950
6.147940
6.147931
6.147922
6.147914
6.147908
6.147902
6.147897
6.147893
6.147889
6.147887
6.147886
6.147886
6.147887
6.147889
6.147893
6.147897
6.147903
6.147911
6.147920
6.147931
6.147944
6.147958
6.147974
6.147992
6.148012
6.148035
6.148059
6.148086
6.148115
6.148147
6.148181
6.148218
6.148257
6.148299
6.148344
6.148392
6.148443
6.148497
6.148554
6.148614
6.148677
6.148743
6.148813
6.148886
6.148962
6.149042
6.149125
6.149211
6.149300
6.149393
6.149489
6.149588
6.149691
6.149797
6.149906
6.150017
6.150132
6.150250
6.150375
6.150544
6.150725
6.150912
6.151105
6.151303
6.151505
6.151713
6.151926
6.152144
6.152366
6.152594
6.152827
6.153066
6.153309
6.153558
6.153811
6.154070
6.154333
6.154602
6.154876
6.155155
6.155439
6.155729
6.156023
6.156323
6.156628
6.156938
6.157254
6.157575
6.157901
6.158233
6.158570
6.158912
6.159260
6.159613
6.159972
6.160336
6.160706
6.161081
6.161462
6.161849
6.162241
6.162639
6.163042
6.163451
6.163866
6.164287
6.164714
6.165146
6.165585
6.166029
6.166480
6.166936
6.167399
6.167867
6.168342
6.168823
6.169311
6.169805
6.170305
6.170811
6.171324
6.171844
6.172370
6.172902
6.173441
6.173987
6.174539
6.175099
6.175664
6.176237
6.176817
6.177404
6.177997
6.178598
6.179205
6.179820
6.180442
6.181071
6.181707
6.182350
6.183001
6.183659
6.184324
6.184997
6.185677
6.186364
6.187059
6.187762
6.188472
6.189189
6.189914
6.190647
6.191387
6.192136
6.192894
6.193663
6.194449
6.195263
6.196133
6.197160
6.198252
6.199371
6.200506
6.201656
6.202818
6.203992
6.205178
6.206377
6.207588
6.208812
6.210048
6.211298
6.212560
6.213836
6.215125
6.216428
6.217743
6.219073
6.220416
6.221773
6.223144
6.224529
6.225929
6.227342
6.228770
6.230212
6.231669
6.233140
6.234626
6.236127
6.237642
6.239173
6.240718
6.242279
6.243855
6.245446
6.247052
6.248674
6.250311
6.251964
6.253632
6.255317
6.257016
6.258732
6.260463
6.262211
6.263974
6.265754
6.267549
6.269361
6.271188
6.273032
6.274893
6.276770
6.278663
6.280572
6.282498
6.284441
6.286400
6.288375
6.290368
6.292377
6.294403
6.296445
6.298505
6.300581
6.302674
6.304784
6.306911
6.309056
6.311217
6.313395
6.315591
6.317804
6.320034
6.322282
6.324547
6.326830
6.329130
6.331448
6.333783
6.336137
6.338508
6.340897
6.343305
6.345730
6.348174
6.350637
6.353118
6.355618
6.358137
6.360675
6.363233
6.365810
6.368407
6.371023
6.373660
6.376314
6.378964
6.381447
6.383902
6.386371
6.388859
6.391366
6.393893
6.396440
6.399006
6.401591
6.404196
6.406819
6.409462
6.412124
6.414804
6.417505
6.420224
6.422962
6.425720
6.428496
6.431292
6.434107
6.436941
6.439795
6.442667
6.445558
6.448469
6.451398
6.454346
6.457313
6.460298
6.463302
6.466325
6.469366
6.472425
6.475502
6.478597
6.481709
6.484840
6.487987
6.491152
6.494333
6.497531
6.500745
6.503975
6.507221
6.510483
6.513759
6.517051
6.520356
6.523676
6.527009
6.530356
6.533715
6.537087
6.540471
6.543866
6.547273
6.550690
6.554117
6.557554
6.560999
6.564454
6.567916
6.571386
6.574862
6.578345
6.581834
6.585328
6.588826
6.592328
6.595834
6.599342
6.602852
6.606364
6.609876
6.613389
6.616901
6.620412
6.623921
6.627428
6.630931
6.634431
6.637926
6.641416
6.644900
6.648378
6.651849
6.655311
6.658766
6.662211
6.665646
6.669071
6.672485
6.675886
6.679275
6.682649
6.686009
6.689353
6.692680
6.695980
6.699194
6.702382
6.705550
6.708699
6.711830
6.714941
6.718033
6.721106
6.724158
6.727189
6.730200
6.733190
6.736158
6.739103
6.742027
6.744927
6.747803
6.750656
6.753484
6.756288
6.759067
6.761821
6.764549
6.767251
6.769927
6.772576
6.775198
6.777794
6.780362
6.782902
6.785415
6.787900
6.790357
6.792786
6.795186
6.797558
6.799902
6.802216
6.804502
6.806759
6.808988
6.811187
6.813358
6.815499
6.817612
6.819696
6.821752
6.823779
6.825777
6.827747
6.829689
6.831603
6.833488
6.835346
6.837177
6.838980
6.840756
6.842505
6.844228
6.845924
6.847594
6.849238
6.850857
6.852451
6.854019
6.855563
6.857083
6.858579
6.860052
6.861501
6.862927
6.864330
6.865711
6.867069
6.868406
6.869721
6.871014
6.872286
6.873537
6.874766
6.875975
6.877162
6.878329
6.879476
6.880601
6.881706
6.882790
6.883854
6.884898
6.885921
6.886924
6.887907
6.888871
6.889815
6.890740
6.891648
6.892539
6.893414
6.894275
6.895127
6.895980
6.896828
6.897669
6.898506
6.899339
6.900173
6.901010
6.901854
6.902708
6.903577
6.904464
6.905373
6.906310
6.907278
6.908284
6.909332
6.910429
6.911582
6.912797
6.914085
6.915455
6.916917
6.918484
6.920170
6.921987
6.923950
6.926068
6.928349
6.930788
6.933357
6.935999
6.938624
6.941131
6.943431
6.945466
6.947211
6.948668
6.949857
6.950804
6.951545
6.952129
6.952604
6.953068
6.953697
6.954764
6.956617
6.959686
6.964497
6.971699
6.981992
6.996095
7.014722
7.038582
7.068449
7.105274
7.150243
7.204642
7.269499
7.345324
7.432393
7.523210
7.632784
7.769097
7.930042
8.102616
8.276858
8.448218
8.615592
8.780378
8.937050
9.059879
9.140247
9.192491
9.230843
9.263339
9.287036
9.304529
9.318291
9.329590
9.339148
9.347433
9.354763
9.361359
9.367376
9.372929
9.378106
9.382972
9.387582
9.391980
9.396203
9.400284
9.404250
9.408134
9.411974
9.415818
9.419741
9.423864
9.428436
9.434155
