6.133606
6.133574
6.133529
6.133480
6.133436
6.133401
6.133371
6.133344
6.133319
6.133295
6.133272
6.133250
6.133228
6.133207
6.133186
6.133165
6.133145
6.133126
6.133106
6.133088
6.133069
6.133051
6.133034
6.133016
6.132999
6.132983
6.132967
6.132951
6.132936
6.132921
6.132906
6.132892
6.132878
6.132864
6.132851
6.132838
6.132825
6.132813
6.132801
6.132789
6.132777
6.132766
6.132755
6.132745
6.132734
6.132724
6.132715
6.132705
6.132696
6.132687
6.132678
6.132670
6.132662
6.132654
6.132646
6.132639
6.132632
6.132625
6.132619
6.132613
6.132607
6.132601
6.132596
6.132591
6.132586
6.132581
6.132577
6.132574
6.132570
6.132567
6.132565
6.132563
6.132561
6.132560
6.132560
6.132561
6.132562
6.132564
6.132568
6.132574
6.132581
6.132590
6.132600
6.132613
6.132628
6.132645
6.132664
6.132686
6.132709
6.132736
6.132764
6.132796
6.132830
6.132866
6.132906
6.132948
6.132993
6.133041
6.133093
6.133147
6.133205
6.133265
6.133330
6.133397
6.133468
6.133543
6.133622
6.133704
6.133790
6.133880
6.133975
6.134073
6.134176
6.134283
6.134394
6.134510
6.134630
6.134756
6.134886
6.135021
6.135161
6.135307
6.135457
6.135613
6.135775
6.135943
6.136116
6.136295
6.136480
6.136671
6.136869
6.137073
6.137284
6.137501
6.137725
6.137957
6.138195
6.138441
6.138694
6.138955
6.139223
6.139500
6.139785
6.140077
6.140379
6.140689
6.141007
6.141335
6.141671
6.142017
6.142373
6.142738
6.143113
6.143499
6.143894
6.144296
6.144708
6.145128
6.145557
6.145996
6.146445
6.146904
6.147372
6.147850
6.148339
6.148838
6.149348
6.149868
6.150399
6.150942
6.151496
6.152062
6.152641
6.153235
6.153847
6.154482
6.155152
6.155884
6.156672
6.157492
6.158333
6.159195
6.160074
6.160972
6.161888
6.162822
6.163774
6.164745
6.165734
6.166742
6.167768
6.168813
6.169876
6.170957
6.172058
6.173176
6.174313
6.175468
6.176641
6.177832
6.179041
6.180269
6.181514
6.182776
6.184057
6.185354
6.186670
6.188002
6.189351
6.190717
6.192100
6.193500
6.194916
6.196349
6.197798
6.199264
6.200745
6.202243
6.203757
6.205286
6.206832
6.208393
6.209970
6.211562
6.213171
6.214795
6.216435
6.218090
6.219762
6.221449
6.223151
6.224870
6.226604
6.228355
6.230121
6.231903
6.233701
6.235515
6.237346
6.239193
6.241056
6.242935
6.244831
6.246743
6.248672
6.250618
6.252580
6.254560
6.256555
6.258568
6.260598
6.262645
6.264709
6.266789
6.268887
6.271002
6.273135
6.275284
6.277451
6.279634
6.281835
6.284054
6.286289
6.288542
6.290812
6.293099
6.295403
6.297725
6.300064
6.302420
6.304793
6.307183
6.309590
6.312015
6.314455
6.316905
6.319336
6.321630
6.323887
6.326153
6.328433
6.330728
6.333039
6.335364
6.337706
6.340062
6.342435
6.344822
6.347225
6.349643
6.352076
6.354525
6.356989
6.359469
6.361963
6.364474
6.366999
6.369540
6.372097
6.374669
6.377256
6.379859
6.382478
6.385111
6.387761
6.390426
6.393106
6.395803
6.398515
6.401242
6.403985
6.406744
6.409519
6.412310
6.415116
6.417938
6.420777
6.423631
6.426501
6.429387
6.432290
6.435208
6.438143
6.441094
6.444061
6.447044
6.450044
6.453061
6.456093
6.459143
6.462209
6.465292
6.468391
6.471507
6.474640
6.477790
6.480957
6.484141
6.487341
6.490559
6.493795
6.497047
6.500317
6.503604
6.506908
6.510230
6.513569
6.516926
6.520300
6.523692
6.527101
6.530529
6.533973
6.537436
6.540916
6.544414
6.547930
6.551464
6.555015
6.558584
6.562171
6.565776
6.569398
6.573038
6.576696
6.580372
6.584065
6.587776
6.591504
6.595250
6.599013
6.602794
6.606592
6.610407
6.614239
6.618086
6.621933
6.625694
6.629455
6.633230
6.637020
6.640826
6.644648
6.648486
6.652339
6.656207
6.660090
6.663989
6.667902
6.671830
6.675772
6.679728
6.683699
6.687684
6.691682
6.695693
6.699718
6.703756
6.707806
6.711869
6.715944
6.720032
6.724131
6.728241
6.732363
6.736496
6.740639
6.744793
6.748957
6.753131
6.757315
6.761508
6.765710
6.769922
6.774142
6.778371
6.782608
6.786854
6.791108
6.795370
6.799641
6.803919
6.808206
6.812502
6.816807
6.821121
6.825445
6.829779
6.834124
6.838481
6.842851
6.847235
6.851635
6.856053
6.860491
6.864950
6.869434
6.873945
6.878488
6.883066
6.887683
6.892345
6.897057
6.901825
6.906657
6.911559
6.916541
6.921611
6.926781
6.932060
6.937462
6.942999
6.948686
6.954538
6.960570
6.966801
6.973248
6.979931
6.986870
6.994086
7.001601
7.009437
7.017618
7.026168
7.035108
7.044465
7.054262
7.064523
7.075271
7.086530
7.098321
7.110666
7.123585
7.137098
7.151222
7.165976
7.181402
7.197948
7.215211
7.233172
7.251836
7.271206
7.291283
7.312067
7.333552
7.355730
7.378590
7.402116
7.426287
7.451077
7.476456
7.502384
7.528815
7.555694
7.582958
7.610533
7.638337
7.666278
7.694256
7.722166
7.749900
7.777358
7.804452
7.831129
7.857386
7.883290
7.908927
7.934212
7.958494
7.980249
7.998555
8.013193
8.024359
8.032569
8.038453
8.042647
8.045634
8.047678
8.048857
8.049313
8.049507
8.049606
8.049663
8.049695
8.049714
8.049725
8.049730
8.049732
8.049732
8.049730
8.049728
8.049726
8.049725
8.049726
8.049729
8.049735
8.049745
8.049760
8.049780
8.049807
8.049842
8.049887
8.049944
8.050015
8.050102
8.050209
8.050338
8.050495
8.050683
8.050908
8.051176
8.051493
8.051868
8.052308
8.052826
8.053443
8.054177
8.055122
8.056806
8.059403
8.061190
8.062433
8.063513
8.064517
8.065473
8.066391
8.067277
8.068131
8.068952
8.069733
8.070468
8.071144
8.071742
8.072225
8.072502
8.072257
