6.135271
6.135238
6.135193
6.135144
6.135100
6.135066
6.135037
6.135012
6.134988
6.134966
6.134945
6.134925
6.134905
6.134887
6.134869
6.134851
6.134834
6.134818
6.134802
6.134787
6.134773
6.134759
6.134746
6.134733
6.134720
6.134709
6.134698
6.134687
6.134677
6.134667
6.134658
6.134650
6.134642
6.134635
6.134628
6.134622
6.134617
6.134611
6.134607
6.134604
6.134602
6.134600
6.134600
6.134600
6.134602
6.134604
6.134608
6.134612
6.134618
6.134625
6.134634
6.134643
6.134654
6.134666
6.134679
6.134694
6.134709
6.134727
6.134745
6.134765
6.134786
6.134808
6.134832
6.134858
6.134884
6.134912
6.134942
6.134973
6.135006
6.135040
6.135076
6.135114
6.135153
6.135193
6.135236
6.135280
6.135327
6.135383
6.135443
6.135508
6.135576
6.135646
6.135720
6.135796
6.135875
6.135957
6.136043
6.136132
6.136224
6.136319
6.136418
6.136520
6.136626
6.136736
6.136849
6.136965
6.137086
6.137210
6.137338
6.137470
6.137605
6.137745
6.137889
6.138037
6.138190
6.138346
6.138508
6.138673
6.138843
6.139018
6.139197
6.139381
6.139570
6.139764
6.139962
6.140165
6.140374
6.140587
6.140807
6.141031
6.141261
6.141496
6.141737
6.141983
6.142235
6.142493
6.142757
6.143027
6.143303
6.143585
6.143872
6.144166
6.144467
6.144775
6.145089
6.145409
6.145737
6.146071
6.146412
6.146760
6.147115
6.147478
6.147847
6.148225
6.148609
6.149001
6.149400
6.149808
6.150224
6.150647
6.151079
6.151519
6.151967
6.152423
6.152888
6.153362
6.153844
6.154335
6.154834
6.155343
6.155861
6.156388
6.156923
6.157468
6.158023
6.158588
6.159162
6.159746
6.160339
6.160943
6.161557
6.162181
6.162816
6.163463
6.164124
6.164821
6.165554
6.166338
6.167162
6.168019
6.168900
6.169801
6.170720
6.171655
6.172605
6.173571
6.174552
6.175547
6.176557
6.177583
6.178624
6.179680
6.180751
6.181838
6.182940
6.184057
6.185191
6.186340
6.187506
6.188687
6.189884
6.191097
6.192327
6.193573
6.194836
6.196115
6.197411
6.198723
6.200053
6.201399
6.202761
6.204141
6.205538
6.206952
6.208382
6.209830
6.211295
6.212778
6.214277
6.215794
6.217328
6.218879
6.220448
6.222034
6.223637
6.225258
6.226896
6.228552
6.230225
6.231916
6.233624
6.235351
6.237094
6.238856
6.240635
6.242432
6.244247
6.246079
6.247929
6.249796
6.251682
6.253584
6.255505
6.257442
6.259398
6.261371
6.263361
6.265369
6.267394
6.269437
6.271497
6.273574
6.275669
6.277781
6.279910
6.282057
6.284221
6.286402
6.288600
6.290815
6.293047
6.295297
6.297563
6.299846
6.302147
6.304464
6.306798
6.309149
6.311517
6.313902
6.316304
6.318722
6.321158
6.323610
6.326077
6.328551
6.331004
6.333337
6.335645
6.337952
6.340266
6.342591
6.344929
6.347281
6.349648
6.352030
6.354428
6.356840
6.359267
6.361710
6.364167
6.366640
6.369128
6.371632
6.374151
6.376684
6.379234
6.381798
6.384378
6.386973
6.389584
6.392208
6.394850
6.397506
6.400178
6.402865
6.405568
6.408285
6.411019
6.413768
6.416532
6.419311
6.422106
6.424916
6.427742
6.430583
6.433440
6.436312
6.439200
6.442103
6.445021
6.447955
6.450906
6.453871
6.456851
6.459847
6.462858
6.465885
6.468927
6.471984
6.475057
6.478146
6.481250
6.484369
6.487504
6.490655
6.493820
6.497002
6.500197
6.503409
6.506637
6.509880
6.513139
6.516413
6.519702
6.523007
6.526327
6.529663
6.533015
6.536382
6.539765
6.543164
6.546577
6.550007
6.553454
6.556916
6.560394
6.563888
6.567399
6.570928
6.574471
6.578034
6.581612
6.585209
6.588824
6.592457
6.596110
6.599781
6.603473
6.607185
6.610919
6.614675
6.618455
6.622257
6.626085
6.629934
6.633790
6.637584
6.641386
6.645216
6.649078
6.652975
6.656909
6.660883
6.664899
6.668960
6.673070
6.677230
6.681445
6.685718
6.690052
6.694452
6.698921
6.703463
6.708084
6.712786
6.717575
6.722455
6.727431
6.732506
6.737686
6.742973
6.748373
6.753890
6.759525
6.765284
6.771167
6.777179
6.783321
6.789595
6.796002
6.802542
6.809216
6.816024
6.822964
6.830034
6.837234
6.844559
6.852005
6.859568
6.867239
6.875012
6.882877
6.890822
6.898835
6.906901
6.915005
6.923128
6.931254
6.939363
6.947434
6.955449
6.963389
6.971235
6.978970
6.986578
6.994043
7.001353
7.008493
7.015457
7.022232
7.028814
7.035196
7.041374
7.047346
7.053113
7.058676
7.064036
7.069200
7.074174
7.078963
7.083576
7.088017
7.092293
7.096413
7.100400
7.104274
7.108019
7.111583
7.114943
7.118127
7.121092
7.123494
7.125412
7.126968
7.128241
7.129281
7.130128
7.130810
7.131352
7.131772
7.132089
7.132319
7.132476
7.132575
7.132627
7.132642
7.132627
7.132590
7.132532
7.132458
7.132369
7.132267
7.132179
7.132009
7.131942
7.131736
7.131662
7.131454
7.131232
7.131141
7.130917
7.130796
7.130590
7.130335
7.130216
7.129932
7.129804
7.129512
7.129369
7.129161
7.128916
7.128740
7.128556
7.128354
7.128147
7.127941
7.127738
7.127534
7.127330
7.127125
7.126921
7.126717
7.126513
7.126312
7.126113
7.125916
7.125722
7.125529
7.125337
7.125146
7.124955
7.124768
7.124593
7.124436
7.124287
7.124106
7.123885
7.123715
7.123585
7.123476
7.123323
7.123143
7.122979
7.122863
7.122775
7.122683
7.122571
7.122461
7.122387
7.122315
7.122254
7.122208
7.122178
7.122167
7.122178
7.122216
7.122287
7.122397
7.122557
7.122774
7.123062
7.123431
7.123893
7.124459
7.125144
7.125957
7.126919
7.128057
7.129363
7.130860
7.132569
7.134513
7.136719
7.139221
7.142068
7.145333
7.148917
7.153001
7.157759
7.163609
7.171568
7.184683
7.204170
7.240366
7.319865
