6.166607
6.166576
6.166533
6.166486
6.166443
6.166410
6.166381
6.166355
6.166331
6.166308
6.166286
6.166265
6.166244
6.166223
6.166203
6.166184
6.166165
6.166146
6.166128
6.166110
6.166093
6.166076
6.166060
6.166044
6.166028
6.166012
6.165997
6.165983
6.165969
6.165955
6.165941
6.165928
6.165915
6.165903
6.165890
6.165879
6.165867
6.165856
6.165845
6.165835
6.165824
6.165814
6.165805
6.165796
6.165787
6.165778
6.165770
6.165762
6.165754
6.165747
6.165740
6.165733
6.165726
6.165720
6.165715
6.165709
6.165704
6.165700
6.165695
6.165691
6.165688
6.165685
6.165682
6.165680
6.165678
6.165677
6.165677
6.165677
6.165678
6.165679
6.165682
6.165685
6.165689
6.165694
6.165700
6.165708
6.165716
6.165727
6.165740
6.165755
6.165772
6.165792
6.165814
6.165840
6.165868
6.165900
6.165935
6.165973
6.166015
6.166060
6.166110
6.166163
6.166221
6.166283
6.166350
6.166421
6.166497
6.166578
6.166664
6.166755
6.166852
6.166953
6.167061
6.167174
6.167293
6.167418
6.167549
6.167686
6.167830
6.167980
6.168136
6.168299
6.168469
6.168646
6.168830
6.169021
6.169219
6.169425
6.169639
6.169861
6.170089
6.170323
6.170564
6.170812
6.171068
6.171331
6.171603
6.171882
6.172169
6.172464
6.172768
6.173081
6.173402
6.173732
6.174071
6.174419
6.174776
6.175143
6.175518
6.175904
6.176299
6.176704
6.177119
6.177544
6.177979
6.178425
6.178880
6.179347
6.179824
6.180311
6.180810
6.181319
6.181840
6.182371
6.182914
6.183468
6.184034
6.184611
6.185200
6.185800
6.186412
6.187036
6.187671
6.188319
6.188978
6.189649
6.190332
6.191027
6.191734
6.192454
6.193185
6.193930
6.194688
6.195462
6.196256
6.197082
6.197962
6.198975
6.200051
6.201153
6.202276
6.203416
6.204574
6.205749
6.206940
6.208149
6.209374
6.210616
6.211874
6.213148
6.214438
6.215744
6.217064
6.218401
6.219752
6.221118
6.222499
6.223894
6.225304
6.226729
6.228167
6.229619
6.231086
6.232566
6.234060
6.235567
6.237088
6.238623
6.240172
6.241734
6.243309
6.244898
6.246501
6.248117
6.249746
6.251389
6.253046
6.254717
6.256401
6.258099
6.259811
6.261537
6.263278
6.265032
6.266801
6.268584
6.270381
6.272193
6.274019
6.275861
6.277717
6.279587
6.281473
6.283374
6.285290
6.287222
6.289168
6.291130
6.293108
6.295102
6.297111
6.299136
6.301177
6.303234
6.305307
6.307396
6.309502
6.311623
6.313761
6.315916
6.318087
6.320274
6.322478
6.324699
6.326937
6.329191
6.331462
6.333750
6.336056
6.338378
6.340717
6.343073
6.345446
6.347836
6.350244
6.352669
6.355111
6.357570
6.360046
6.362540
6.365051
6.367580
6.370125
6.372688
6.375268
6.377861
6.380448
6.382893
6.385325
6.387769
6.390230
6.392707
6.395200
6.397710
6.400236
6.402779
6.405338
6.407913
6.410505
6.413113
6.415738
6.418379
6.421037
6.423711
6.426402
6.429110
6.431834
6.434575
6.437332
6.440106
6.442897
6.445704
6.448528
6.451368
6.454224
6.457097
6.459987
6.462892
6.465814
6.468752
6.471707
6.474677
6.477664
6.480666
6.483684
6.486717
6.489767
6.492831
6.495912
6.499007
6.502117
6.505243
6.508383
6.511537
6.514707
6.517890
6.521088
6.524299
6.527524
6.530763
6.534015
6.537280
6.540558
6.543848
6.547151
6.550466
6.553793
6.557131
6.560480
6.563840
6.567210
6.570591
6.573981
6.577381
6.580790
6.584207
6.587633
6.591067
6.594509
6.597958
6.601413
6.604875
6.608342
6.611816
6.615294
6.618778
6.622266
6.625758
6.629255
6.632757
6.636263
6.639773
6.643289
6.646811
6.650340
6.653876
6.657423
6.660982
6.664555
6.668146
6.671758
6.675397
6.679068
6.682777
6.686533
6.690344
6.694210
6.698055
6.701978
6.705997
6.710125
6.714368
6.718732
6.723217
6.727818
6.732528
6.737333
6.742217
6.747161
6.752146
6.757151
6.762155
6.767137
6.772080
6.776966
6.781780
6.786508
6.791141
6.795669
6.800087
6.804389
6.808575
6.812642
6.816591
6.820423
6.824141
6.827747
6.831245
6.834638
6.837930
6.841126
6.844228
6.847241
6.850168
6.853014
6.855781
6.858472
6.861091
6.863644
6.866133
6.868560
6.870927
6.873235
6.875484
6.877675
6.879807
6.881880
6.883893
6.885845
6.887735
6.889562
6.891325
6.893024
6.894660
6.896236
6.897755
6.899222
6.900646
6.901974
6.903219
6.904392
6.905500
6.906547
6.907538
6.908475
6.909364
6.910206
6.911006
6.911766
6.912490
6.913179
6.913836
6.914463
6.915064
6.915639
6.916191
6.916722
6.917234
6.917728
6.918207
6.918673
6.919127
6.919572
6.920010
6.920443
6.920874
6.921306
6.921742
6.922189
6.922651
6.923137
6.923658
6.924229
6.924874
6.925630
6.926524
6.927526
6.928658
6.929949
6.931430
6.933142
6.935148
6.937524
6.940346
6.943700
6.947676
6.952369
6.957875
6.964288
6.971701
6.980198
6.989862
7.000766
7.012977
7.026554
7.041549
7.058006
7.075962
7.095447
7.116484
7.139093
7.163285
7.189068
7.216445
7.245417
7.275978
7.308123
7.341845
7.377137
7.413999
7.452449
7.492539
7.534391
7.578232
7.624398
7.673218
7.724768
7.778865
7.834296
7.890110
7.945527
7.999909
8.052730
8.103542
8.151959
8.197654
8.240364
8.279891
8.316099
8.348882
8.378085
8.403843
8.426318
8.445700
8.462364
8.476685
8.489004
8.499644
8.508764
8.515594
8.520696
8.524362
8.526807
8.528216
8.528871
8.529102
8.529117
8.529016
8.528841
8.528585
8.528411
8.527948
8.527725
8.527153
8.526847
8.526528
8.525834
8.525407
8.524978
8.524375
8.523854
8.523263
8.522640
8.521973
8.521255
8.520480
8.519636
8.518709
8.517681
8.516519
8.515173
8.513548
8.511152
8.508436
8.502762
8.493547
