6.166466
6.166435
6.166391
6.166343
6.166300
6.166266
6.166237
6.166211
6.166187
6.166164
6.166142
6.166120
6.166099
6.166078
6.166058
6.166039
6.166020
6.166001
6.165983
6.165965
6.165947
6.165930
6.165914
6.165898
6.165882
6.165866
6.165851
6.165837
6.165822
6.165808
6.165795
6.165781
6.165769
6.165756
6.165744
6.165732
6.165720
6.165709
6.165698
6.165687
6.165677
6.165667
6.165658
6.165648
6.165639
6.165630
6.165622
6.165614
6.165606
6.165599
6.165591
6.165585
6.165578
6.165572
6.165566
6.165560
6.165555
6.165550
6.165546
6.165542
6.165538
6.165535
6.165532
6.165530
6.165528
6.165526
6.165525
6.165525
6.165526
6.165527
6.165529
6.165532
6.165535
6.165540
6.165546
6.165553
6.165561
6.165571
6.165583
6.165598
6.165615
6.165634
6.165656
6.165681
6.165709
6.165740
6.165774
6.165812
6.165853
6.165898
6.165947
6.166000
6.166057
6.166118
6.166183
6.166254
6.166328
6.166408
6.166493
6.166582
6.166677
6.166777
6.166883
6.166994
6.167111
6.167234
6.167363
6.167498
6.167639
6.167786
6.167940
6.168100
6.168267
6.168441
6.168622
6.168810
6.169006
6.169209
6.169420
6.169637
6.169859
6.170089
6.170325
6.170569
6.170820
6.171078
6.171344
6.171618
6.171900
6.172190
6.172488
6.172795
6.173110
6.173433
6.173766
6.174107
6.174457
6.174816
6.175185
6.175563
6.175950
6.176347
6.176753
6.177169
6.177595
6.178032
6.178478
6.178934
6.179401
6.179879
6.180366
6.180865
6.181374
6.181895
6.182426
6.182968
6.183521
6.184085
6.184661
6.185248
6.185846
6.186456
6.187077
6.187710
6.188354
6.189009
6.189677
6.190355
6.191046
6.191748
6.192462
6.193188
6.193928
6.194682
6.195457
6.196261
6.197121
6.198122
6.199185
6.200274
6.201383
6.202509
6.203652
6.204812
6.205989
6.207182
6.208391
6.209617
6.210858
6.212115
6.213388
6.214675
6.215978
6.217296
6.218628
6.219974
6.221335
6.222710
6.224099
6.225502
6.226918
6.228348
6.229792
6.231249
6.232719
6.234203
6.235700
6.237211
6.238734
6.240271
6.241822
6.243385
6.244962
6.246553
6.248157
6.249775
6.251406
6.253052
6.254711
6.256385
6.258072
6.259774
6.261491
6.263222
6.264968
6.266729
6.268505
6.270296
6.272102
6.273924
6.275761
6.277615
6.279484
6.281369
6.283271
6.285189
6.287123
6.289075
6.291042
6.293027
6.295029
6.297048
6.299084
6.301138
6.303209
6.305298
6.307405
6.309529
6.311671
6.313832
6.316010
6.318207
6.320422
6.322656
6.324908
6.327178
6.329467
6.331775
6.334101
6.336447
6.338811
6.341193
6.343595
6.346016
6.348455
6.350914
6.353391
6.355888
6.358403
6.360937
6.363491
6.366063
6.368654
6.371264
6.373893
6.376537
6.379175
6.381639
6.384089
6.386555
6.389038
6.391538
6.394056
6.396591
6.399144
6.401714
6.404302
6.406907
6.409529
6.412169
6.414827
6.417502
6.420194
6.422904
6.425632
6.428377
6.431139
6.433918
6.436715
6.439529
6.442360
6.445208
6.448074
6.450956
6.453855
6.456770
6.459703
6.462652
6.465617
6.468599
6.471597
6.474611
6.477640
6.480686
6.483747
6.486824
6.489916
6.493024
6.496146
6.499283
6.502434
6.505600
6.508780
6.511974
6.515182
6.518403
6.521637
6.524885
6.528145
6.531418
6.534703
6.537999
6.541308
6.544628
6.547958
6.551300
6.554652
6.558014
6.561386
6.564767
6.568157
6.571556
6.574963
6.578378
6.581800
6.585230
6.588666
6.592109
6.595557
6.599011
6.602470
6.605933
6.609400
6.612871
6.616345
6.619822
6.623302
6.626783
6.630267
6.633752
6.637238
6.640726
6.644214
6.647704
6.651195
6.654687
6.658181
6.661677
6.665174
6.668673
6.672175
6.675679
6.679187
6.682697
6.686210
6.689726
6.693236
6.696654
6.700065
6.703481
6.706901
6.710328
6.713763
6.717209
6.720671
6.724151
6.727656
6.731192
6.734765
6.738384
6.742055
6.745783
6.749572
6.753423
6.757335
6.761301
6.765310
6.769346
6.773389
6.777416
6.781403
6.785326
6.789165
6.792901
6.796521
6.800015
6.803378
6.806607
6.809701
6.812661
6.815492
6.818197
6.820782
6.823250
6.825607
6.827860
6.830013
6.832071
6.834039
6.835922
6.837723
6.839448
6.841101
6.842685
6.844205
6.845664
6.847064
6.848404
6.849682
6.850895
6.852039
6.853110
6.854106
6.855028
6.855880
6.856667
6.857396
6.858057
6.858636
6.859150
6.859608
6.860016
6.860382
6.860708
6.861000
6.861260
6.861493
6.861701
6.861886
6.862052
6.862200
6.862332
6.862450
6.862555
6.862650
6.862735
6.862812
6.862881
6.862945
6.863004
6.863059
6.863111
6.863161
6.863209
6.863258
6.863306
6.863356
6.863409
6.863465
6.863526
6.863593
6.863669
6.863755
6.863854
6.863970
6.864106
6.864268
6.864461
6.864694
6.864978
6.865330
6.865787
6.866341
6.867001
6.867783
6.868703
6.869780
6.871033
6.872488
6.874182
6.876158
6.878469
6.881178
6.884361
6.888111
6.892534
6.897759
6.903933
6.911229
6.919848
6.930020
6.942004
6.956081
6.972552
6.991735
7.013980
7.039678
7.069256
7.103148
7.141737
7.185300
7.233959
7.287655
7.346135
7.408963
7.475557
7.545280
7.618856
7.694000
7.769834
7.845610
7.920719
7.994753
8.067511
8.138812
8.208051
8.273944
8.334964
8.389975
8.438351
8.479192
8.513196
8.540948
8.563027
8.579987
8.592400
8.601042
8.606949
8.610523
8.611054
8.611057
8.610957
8.610764
8.610634
8.610315
8.610114
8.609840
8.609545
8.609237
8.608904
8.608546
8.608163
8.607755
8.607323
8.606865
8.606381
8.605871
8.605335
8.604770
8.604176
8.603551
8.602892
8.602196
8.601459
8.600675
8.599838
8.598937
8.597963
8.596899
8.595725
8.594407
8.592892
8.591076
8.588724
8.583092
8.575827
