6.134227
6.134195
6.134150
6.134101
6.134057
6.134022
6.133992
6.133966
6.133941
6.133918
6.133895
6.133873
6.133852
6.133831
6.133811
6.133792
6.133772
6.133754
6.133736
6.133718
6.133700
6.133683
6.133667
6.133651
6.133635
6.133620
6.133605
6.133591
6.133577
6.133563
6.133550
6.133537
6.133524
6.133512
6.133500
6.133489
6.133478
6.133467
6.133457
6.133447
6.133437
6.133428
6.133419
6.133410
6.133402
6.133394
6.133386
6.133379
6.133372
6.133366
6.133359
6.133354
6.133348
6.133343
6.133339
6.133335
6.133331
6.133328
6.133325
6.133323
6.133322
6.133322
6.133322
6.133323
6.133325
6.133328
6.133333
6.133338
6.133345
6.133353
6.133362
6.133372
6.133384
6.133397
6.133412
6.133427
6.133445
6.133465
6.133489
6.133515
6.133543
6.133574
6.133607
6.133643
6.133682
6.133723
6.133766
6.133813
6.133862
6.133915
6.133970
6.134028
6.134090
6.134154
6.134222
6.134293
6.134367
6.134445
6.134526
6.134611
6.134699
6.134791
6.134887
6.134986
6.135091
6.135198
6.135310
6.135425
6.135545
6.135669
6.135797
6.135930
6.136068
6.136210
6.136356
6.136508
6.136664
6.136825
6.136992
6.137163
6.137340
6.137522
6.137710
6.137903
6.138102
6.138306
6.138516
6.138732
6.138955
6.139183
6.139417
6.139658
6.139907
6.140161
6.140421
6.140689
6.140963
6.141244
6.141532
6.141828
6.142131
6.142441
6.142759
6.143084
6.143417
6.143759
6.144108
6.144465
6.144831
6.145205
6.145587
6.145978
6.146378
6.146786
6.147204
6.147630
6.148066
6.148511
6.148966
6.149430
6.149904
6.150387
6.150881
6.151384
6.151898
6.152422
6.152957
6.153502
6.154060
6.154627
6.155203
6.155790
6.156389
6.157001
6.157631
6.158283
6.158966
6.159700
6.160477
6.161289
6.162127
6.162988
6.163868
6.164767
6.165682
6.166615
6.167563
6.168529
6.169511
6.170510
6.171525
6.172558
6.173607
6.174673
6.175757
6.176857
6.177975
6.179110
6.180263
6.181433
6.182621
6.183827
6.185050
6.186290
6.187549
6.188825
6.190119
6.191431
6.192761
6.194108
6.195473
6.196855
6.198256
6.199675
6.201112
6.202565
6.204038
6.205528
6.207035
6.208561
6.210103
6.211663
6.213241
6.214836
6.216448
6.218078
6.219724
6.221388
6.223069
6.224767
6.226482
6.228214
6.229963
6.231729
6.233511
6.235311
6.237127
6.238960
6.240810
6.242677
6.244560
6.246460
6.248377
6.250311
6.252261
6.254228
6.256211
6.258211
6.260228
6.262261
6.264311
6.266378
6.268461
6.270561
6.272678
6.274811
6.276961
6.279127
6.281311
6.283511
6.285727
6.287961
6.290211
6.292477
6.294761
6.297061
6.299378
6.301712
6.304062
6.306429
6.308813
6.311213
6.313630
6.316063
6.318510
6.320964
6.323394
6.325715
6.327998
6.330273
6.332561
6.334864
6.337181
6.339514
6.341863
6.344227
6.346606
6.349000
6.351410
6.353835
6.356276
6.358732
6.361204
6.363691
6.366193
6.368711
6.371244
6.373793
6.376358
6.378938
6.381533
6.384145
6.386771
6.389414
6.392072
6.394746
6.397435
6.400140
6.402861
6.405598
6.408351
6.411119
6.413903
6.416704
6.419520
6.422352
6.425200
6.428064
6.430944
6.433840
6.436752
6.439680
6.442625
6.445585
6.448562
6.451555
6.454564
6.457590
6.460632
6.463690
6.466765
6.469856
6.472964
6.476088
6.479228
6.482385
6.485559
6.488749
6.491956
6.495179
6.498419
6.501675
6.504948
6.508238
6.511544
6.514867
6.518207
6.521563
6.524936
6.528325
6.531732
6.535154
6.538594
6.542050
6.545522
6.549011
6.552517
6.556039
6.559578
6.563133
6.566704
6.570292
6.573896
6.577516
6.581152
6.584805
6.588473
6.592158
6.595858
6.599575
6.603307
6.607055
6.610818
6.614597
6.618389
6.622194
6.625995
6.629717
6.633435
6.637164
6.640906
6.644662
6.648433
6.652217
6.656016
6.659828
6.663654
6.667493
6.671346
6.675213
6.679093
6.682986
6.686893
6.690813
6.694747
6.698692
6.702653
6.706626
6.710613
6.714614
6.718629
6.722658
6.726700
6.730758
6.734831
6.738919
6.743022
6.747142
6.751278
6.755432
6.759604
6.763795
6.768007
6.772240
6.776495
6.780774
6.785079
6.789410
6.793769
6.798160
6.802583
6.807042
6.811539
6.816075
6.820656
6.825283
6.829961
6.834693
6.839482
6.844335
6.849255
6.854247
6.859317
6.864470
6.869713
6.875051
6.880492
6.886042
6.891709
6.897502
6.903428
6.909495
6.915714
6.922093
6.928642
6.935373
6.942297
6.949425
6.956771
6.964349
6.972175
6.980267
6.988646
6.997337
7.006367
7.015770
7.025586
7.035860
7.046644
7.057997
7.069978
7.082650
7.096073
7.110297
7.125360
7.141279
7.158049
7.175627
7.193944
7.212883
7.232298
7.252011
7.271828
7.291549
7.310988
7.329979
7.348414
7.366351
7.383496
7.399763
7.415107
7.429505
7.442941
7.455406
7.466853
7.477123
7.486286
7.494395
7.501504
7.507667
7.512999
7.517586
7.521508
7.524832
7.527581
7.529493
7.530682
7.531055
7.531079
7.531008
7.530904
7.530791
7.530670
7.530581
7.530417
7.530314
7.530223
7.530007
7.529891
7.529715
7.529553
7.529408
7.529237
7.529056
7.528880
7.528700
7.528518
7.528330
7.528139
7.527943
7.527746
7.527546
7.527344
7.527139
7.526934
7.526722
7.526509
7.526292
7.526075
7.525862
7.525661
7.525473
7.525281
7.525053
7.524777
7.524516
7.524330
7.524169
7.523983
7.523738
7.523428
7.523240
7.523081
7.522954
7.522739
7.522504
7.522285
7.522092
7.521993
7.521845
7.521701
7.521547
7.521406
7.521296
7.521188
7.521091
7.521007
7.520937
7.520878
7.520831
7.520793
7.520764
7.520740
7.520717
7.520688
7.520630
7.520527
7.520367
7.520135
7.519810
7.519403
7.518687
7.517898
7.516252
7.513586
7.507591
