6.148650
6.148623
6.148585
6.148544
6.148507
6.148479
6.148455
6.148435
6.148416
6.148400
6.148384
6.148369
6.148356
6.148344
6.148332
6.148322
6.148312
6.148304
6.148296
6.148290
6.148284
6.148280
6.148276
6.148274
6.148273
6.148273
6.148274
6.148276
6.148280
6.148285
6.148292
6.148300
6.148309
6.148320
6.148333
6.148348
6.148364
6.148382
6.148402
6.148424
6.148448
6.148475
6.148503
6.148533
6.148566
6.148601
6.148638
6.148678
6.148720
6.148765
6.148812
6.148862
6.148915
6.148970
6.149028
6.149089
6.149153
6.149220
6.149289
6.149362
6.149437
6.149516
6.149598
6.149682
6.149770
6.149861
6.149955
6.150053
6.150153
6.150256
6.150363
6.150473
6.150585
6.150701
6.150819
6.150942
6.151072
6.151238
6.151419
6.151607
6.151801
6.151999
6.152202
6.152411
6.152625
6.152845
6.153069
6.153299
6.153534
6.153774
6.154020
6.154271
6.154527
6.154789
6.155056
6.155328
6.155605
6.155888
6.156176
6.156469
6.156768
6.157073
6.157382
6.157697
6.158018
6.158344
6.158676
6.159013
6.159355
6.159703
6.160057
6.160416
6.160780
6.161150
6.161526
6.161907
6.162294
6.162686
6.163084
6.163488
6.163897
6.164313
6.164734
6.165160
6.165592
6.166030
6.166473
6.166923
6.167378
6.167839
6.168307
6.168780
6.169260
6.169745
6.170237
6.170736
6.171240
6.171751
6.172268
6.172792
6.173322
6.173858
6.174401
6.174950
6.175507
6.176069
6.176639
6.177215
6.177798
6.178388
6.178984
6.179588
6.180198
6.180816
6.181440
6.182072
6.182710
6.183356
6.184009
6.184669
6.185337
6.186011
6.186693
6.187382
6.188079
6.188783
6.189494
6.190213
6.190940
6.191676
6.192421
6.193175
6.193942
6.194723
6.195525
6.196356
6.197239
6.198232
6.199301
6.200402
6.201522
6.202659
6.203809
6.204972
6.206148
6.207337
6.208537
6.209750
6.210976
6.212214
6.213464
6.214727
6.216002
6.217290
6.218591
6.219905
6.221232
6.222571
6.223923
6.225289
6.226667
6.228059
6.229463
6.230881
6.232312
6.233756
6.235214
6.236685
6.238170
6.239668
6.241180
6.242705
6.244243
6.245796
6.247362
6.248942
6.250535
6.252142
6.253764
6.255399
6.257047
6.258710
6.260387
6.262078
6.263783
6.265501
6.267234
6.268981
6.270742
6.272518
6.274307
6.276111
6.277929
6.279761
6.281608
6.283469
6.285344
6.287234
6.289138
6.291057
6.292991
6.294939
6.296903
6.298881
6.300873
6.302881
6.304904
6.306942
6.308996
6.311064
6.313148
6.315248
6.317363
6.319494
6.321641
6.323804
6.325984
6.328179
6.330391
6.332620
6.334866
6.337129
6.339408
6.341706
6.344020
6.346353
6.348704
6.351072
6.353460
6.355865
6.358289
6.360732
6.363194
6.365674
6.368173
6.370684
6.373180
6.375552
6.377890
6.380233
6.382593
6.384972
6.387370
6.389788
6.392225
6.394683
6.397161
6.399659
6.402177
6.404715
6.407275
6.409855
6.412456
6.415077
6.417720
6.420384
6.423070
6.425776
6.428504
6.431254
6.434025
6.436817
6.439631
6.442467
6.445324
6.448203
6.451104
6.454026
6.456969
6.459934
6.462920
6.465928
6.468956
6.472006
6.475076
6.478167
6.481279
6.484411
6.487563
6.490734
6.493926
6.497136
6.500366
6.503614
6.506880
6.510165
6.513467
6.516787
6.520123
6.523475
6.526844
6.530228
6.533627
6.537041
6.540469
6.543910
6.547364
6.550831
6.554309
6.557799
6.561299
6.564810
6.568329
6.571858
6.575395
6.578939
6.582490
6.586047
6.589609
6.593177
6.596748
6.600323
6.603900
6.607479
6.611060
6.614641
6.618221
6.621801
6.625379
6.628954
6.632526
6.636094
6.639658
6.643216
6.646768
6.650313
6.653850
6.657379
6.660899
6.664409
6.667908
6.671396
6.674872
6.678336
6.681785
6.685218
6.688622
6.691930
6.695208
6.698468
6.701712
6.704937
6.708145
6.711335
6.714505
6.717657
6.720788
6.723899
6.726989
6.730058
6.733105
6.736130
6.739132
6.742111
6.745067
6.747998
6.750905
6.753788
6.756645
6.759478
6.762284
6.765064
6.767819
6.770547
6.773248
6.775922
6.778569
6.781189
6.783781
6.786346
6.788883
6.791392
6.793874
6.796328
6.798753
6.801151
6.803521
6.805863
6.808178
6.810464
6.812723
6.814955
6.817159
6.819336
6.821486
6.823609
6.825706
6.827776
6.829820
6.831839
6.833832
6.835800
6.837743
6.839661
6.841556
6.843427
6.845275
6.847100
6.848902
6.850682
6.852441
6.854179
6.855896
6.857593
6.859270
6.860928
6.862567
6.864188
6.865791
6.867376
6.868945
6.870497
6.872032
6.873552
6.875056
6.876545
6.878019
6.879479
6.880925
6.882357
6.883775
6.885179
6.886571
6.887949
6.889315
6.890669
6.892010
6.893340
6.894659
6.895966
6.897264
6.898552
6.899831
6.901103
6.902369
6.903634
6.904905
6.906215
6.907549
6.908918
6.910338
6.911829
6.913402
6.915060
6.916785
6.918548
6.920308
6.922030
6.923682
6.925243
6.926699
6.928046
6.929282
6.930410
6.931432
6.932357
6.933189
6.933935
6.934603
6.935198
6.935727
6.936197
6.936612
6.936979
6.937303
6.937589
6.937841
6.938064
6.938262
6.938439
6.938599
6.938749
6.938895
6.939052
6.939247
6.939538
6.940050
6.941020
6.942772
6.945744
6.950516
6.957840
6.968613
6.983768
7.004191
7.030611
7.063510
7.103107
7.149407
7.202295
7.261631
7.327318
7.399298
7.477509
7.561821
7.652019
7.747757
7.840203
7.943482
8.069772
8.231136
8.409889
8.572206
8.705384
8.807320
8.881629
8.935245
8.974986
9.008042
9.037333
9.060284
9.078163
9.092703
9.104938
9.115454
9.124670
9.132886
9.140322
9.147135
9.153445
9.159344
9.164902
9.170176
9.175211
9.180048
9.184721
9.189263
9.193698
9.198057
9.202370
9.206681
9.211047
9.215557
9.220369
9.225807
9.232804
