6.134302
6.134270
6.134225
6.134175
6.134131
6.134096
6.134067
6.134040
6.134016
6.133992
6.133970
6.133948
6.133927
6.133906
6.133886
6.133867
6.133848
6.133829
6.133811
6.133793
6.133776
6.133759
6.133743
6.133727
6.133712
6.133697
6.133682
6.133668
6.133654
6.133640
6.133627
6.133614
6.133602
6.133590
6.133579
6.133567
6.133556
6.133546
6.133536
6.133526
6.133517
6.133508
6.133499
6.133490
6.133482
6.133475
6.133468
6.133461
6.133454
6.133448
6.133442
6.133437
6.133432
6.133428
6.133424
6.133420
6.133417
6.133415
6.133413
6.133412
6.133412
6.133413
6.133414
6.133417
6.133421
6.133426
6.133432
6.133439
6.133448
6.133457
6.133468
6.133481
6.133494
6.133509
6.133525
6.133543
6.133562
6.133585
6.133611
6.133640
6.133671
6.133705
6.133741
6.133780
6.133821
6.133865
6.133912
6.133961
6.134014
6.134069
6.134127
6.134189
6.134253
6.134321
6.134392
6.134466
6.134544
6.134625
6.134709
6.134797
6.134889
6.134984
6.135084
6.135187
6.135294
6.135405
6.135520
6.135639
6.135762
6.135890
6.136022
6.136159
6.136300
6.136446
6.136596
6.136752
6.136912
6.137077
6.137247
6.137423
6.137603
6.137789
6.137981
6.138178
6.138380
6.138589
6.138803
6.139023
6.139249
6.139481
6.139720
6.139964
6.140216
6.140473
6.140738
6.141009
6.141287
6.141571
6.141863
6.142163
6.142469
6.142783
6.143104
6.143433
6.143770
6.144114
6.144467
6.144827
6.145196
6.145573
6.145959
6.146353
6.146756
6.147168
6.147588
6.148018
6.148456
6.148904
6.149362
6.149829
6.150305
6.150792
6.151288
6.151794
6.152310
6.152837
6.153374
6.153922
6.154481
6.155050
6.155631
6.156224
6.156828
6.157445
6.158079
6.158735
6.159420
6.160156
6.160935
6.161747
6.162587
6.163449
6.164330
6.165230
6.166146
6.167080
6.168029
6.168996
6.169979
6.170978
6.171994
6.173027
6.174077
6.175143
6.176227
6.177328
6.178445
6.179581
6.180733
6.181903
6.183090
6.184294
6.185516
6.186756
6.188013
6.189288
6.190581
6.191891
6.193218
6.194564
6.195927
6.197308
6.198707
6.200123
6.201558
6.203010
6.204481
6.205969
6.207475
6.208999
6.210541
6.212100
6.213677
6.215271
6.216883
6.218512
6.220158
6.221822
6.223503
6.225201
6.226916
6.228648
6.230397
6.232164
6.233947
6.235747
6.237564
6.239398
6.241249
6.243117
6.245001
6.246903
6.248821
6.250755
6.252707
6.254675
6.256660
6.258662
6.260680
6.262715
6.264767
6.266835
6.268920
6.271022
6.273141
6.275276
6.277427
6.279596
6.281781
6.283983
6.286201
6.288436
6.290688
6.292956
6.295242
6.297543
6.299862
6.302197
6.304549
6.306918
6.309303
6.311705
6.314123
6.316558
6.319006
6.321462
6.323892
6.326215
6.328501
6.330780
6.333068
6.335372
6.337691
6.340025
6.342375
6.344740
6.347120
6.349516
6.351926
6.354353
6.356795
6.359252
6.361724
6.364212
6.366716
6.369235
6.371769
6.374319
6.376884
6.379465
6.382062
6.384674
6.387302
6.389945
6.392604
6.395279
6.397970
6.400676
6.403398
6.406136
6.408889
6.411659
6.414444
6.417245
6.420062
6.422895
6.425744
6.428609
6.431490
6.434387
6.437300
6.440229
6.443175
6.446136
6.449114
6.452108
6.455118
6.458144
6.461187
6.464246
6.467321
6.470413
6.473521
6.476646
6.479786
6.482944
6.486117
6.489308
6.492514
6.495738
6.498977
6.502233
6.505506
6.508796
6.512101
6.515424
6.518763
6.522118
6.525490
6.528878
6.532283
6.535705
6.539143
6.542597
6.546068
6.549555
6.553059
6.556579
6.560115
6.563667
6.567236
6.570821
6.574422
6.578039
6.581673
6.585322
6.588987
6.592667
6.596364
6.600076
6.603804
6.607547
6.611306
6.615080
6.618868
6.622667
6.626463
6.630180
6.633893
6.637616
6.641353
6.645104
6.648869
6.652648
6.656440
6.660247
6.664067
6.667901
6.671749
6.675610
6.679485
6.683374
6.687276
6.691192
6.695122
6.699066
6.703023
6.706995
6.710981
6.714981
6.718996
6.723026
6.727072
6.731133
6.735211
6.739305
6.743416
6.747546
6.751694
6.755862
6.760051
6.764261
6.768494
6.772751
6.777033
6.781343
6.785682
6.790051
6.794453
6.798890
6.803365
6.807879
6.812437
6.817040
6.821693
6.826399
6.831162
6.835986
6.840875
6.845834
6.850869
6.855984
6.861185
6.866480
6.871873
6.877373
6.882986
6.888721
6.894587
6.900591
6.906745
6.913057
6.919541
6.926207
6.933069
6.940140
6.947436
6.954974
6.962770
6.970845
6.979220
6.987916
6.996957
7.006369
7.016179
7.026414
7.037103
7.048273
7.059953
7.072169
7.084948
7.098317
7.112305
7.126946
7.142289
7.158393
7.175331
7.193174
7.211950
7.231591
7.251885
7.272472
7.292905
7.312748
7.331646
7.349358
7.365756
7.380827
7.394485
7.406748
7.417686
7.427450
7.436162
7.443940
7.450904
7.457164
7.462802
7.467436
7.471303
7.474520
7.477175
7.479343
7.481091
7.482478
7.483554
7.484364
7.484951
7.485359
7.485626
7.485790
7.485878
7.485913
7.485909
7.485878
7.485826
7.485757
7.485677
7.485583
7.485460
7.485396
7.485258
7.485082
7.485013
7.484835
7.484742
7.484511
7.484429
7.484192
7.484103
7.483846
7.483742
7.483621
7.483419
7.483227
7.483121
7.483002
7.482787
7.482612
7.482510
7.482291
7.482202
7.481975
7.481893
7.481797
7.481616
7.481517
7.481341
7.481249
7.481157
7.481060
7.480967
7.480868
7.480789
7.480717
7.480659
7.480610
7.480574
7.480553
7.480549
7.480565
7.480604
7.480670
7.480766
7.480898
7.481069
7.481279
7.481528
7.481813
7.482127
7.482467
7.482828
7.483205
7.483595
7.483995
7.484403
7.484814
7.485225
7.485629
7.486018
7.486388
7.486729
7.487036
7.487299
7.487516
7.487714
7.488133
