6.166550
6.166519
6.166477
6.166429
6.166386
6.166353
6.166324
6.166298
6.166273
6.166250
6.166228
6.166206
6.166185
6.166165
6.166145
6.166125
6.166106
6.166087
6.166069
6.166051
6.166033
6.166016
6.165999
6.165983
6.165967
6.165951
6.165936
6.165921
6.165907
6.165892
6.165879
6.165865
6.165852
6.165839
6.165827
6.165815
6.165803
6.165791
6.165780
6.165769
6.165759
6.165748
6.165738
6.165729
6.165719
6.165710
6.165702
6.165693
6.165685
6.165677
6.165670
6.165662
6.165655
6.165649
6.165642
6.165636
6.165631
6.165625
6.165620
6.165616
6.165611
6.165608
6.165604
6.165601
6.165598
6.165596
6.165594
6.165593
6.165592
6.165592
6.165592
6.165594
6.165596
6.165598
6.165602
6.165607
6.165612
6.165620
6.165629
6.165640
6.165653
6.165669
6.165687
6.165707
6.165731
6.165757
6.165787
6.165820
6.165856
6.165896
6.165939
6.165987
6.166039
6.166094
6.166155
6.166219
6.166289
6.166363
6.166442
6.166526
6.166615
6.166710
6.166810
6.166916
6.167027
6.167144
6.167268
6.167397
6.167533
6.167675
6.167824
6.167980
6.168143
6.168312
6.168489
6.168675
6.168866
6.169063
6.169266
6.169476
6.169693
6.169916
6.170147
6.170386
6.170632
6.170885
6.171147
6.171417
6.171694
6.171980
6.172274
6.172577
6.172889
6.173209
6.173538
6.173876
6.174223
6.174580
6.174946
6.175321
6.175706
6.176101
6.176506
6.176921
6.177346
6.177781
6.178226
6.178682
6.179148
6.179626
6.180113
6.180612
6.181122
6.181643
6.182175
6.182718
6.183273
6.183839
6.184416
6.185005
6.185605
6.186218
6.186841
6.187477
6.188125
6.188784
6.189456
6.190139
6.190834
6.191542
6.192261
6.192992
6.193736
6.194494
6.195271
6.196077
6.196939
6.197950
6.199021
6.200117
6.201232
6.202365
6.203515
6.204682
6.205865
6.207065
6.208281
6.209513
6.210760
6.212023
6.213302
6.214595
6.215903
6.217226
6.218563
6.219914
6.221278
6.222657
6.224049
6.225455
6.226874
6.228306
6.229751
6.231209
6.232680
6.234164
6.235661
6.237171
6.238693
6.240229
6.241777
6.243339
6.244913
6.246501
6.248101
6.249716
6.251343
6.252984
6.254639
6.256308
6.257990
6.259687
6.261398
6.263123
6.264863
6.266618
6.268387
6.270172
6.271971
6.273786
6.275617
6.277463
6.279324
6.281202
6.283096
6.285006
6.286932
6.288875
6.290835
6.292811
6.294804
6.296814
6.298840
6.300884
6.302946
6.305025
6.307121
6.309235
6.311366
6.313516
6.315683
6.317868
6.320071
6.322293
6.324532
6.326790
6.329066
6.331360
6.333673
6.336004
6.338354
6.340723
6.343110
6.345516
6.347940
6.350383
6.352845
6.355325
6.357825
6.360343
6.362880
6.365435
6.368009
6.370602
6.373214
6.375842
6.378466
6.380909
6.383344
6.385795
6.388262
6.390747
6.393249
6.395769
6.398306
6.400860
6.403431
6.406020
6.408627
6.411251
6.413892
6.416551
6.419227
6.421921
6.424632
6.427360
6.430106
6.432869
6.435650
6.438448
6.441263
6.444096
6.446945
6.449812
6.452696
6.455597
6.458515
6.461450
6.464402
6.467370
6.470355
6.473357
6.476375
6.479409
6.482459
6.485526
6.488608
6.491706
6.494820
6.497949
6.501094
6.504253
6.507428
6.510617
6.513820
6.517038
6.520270
6.523516
6.526776
6.530049
6.533335
6.536634
6.539945
6.543269
6.546605
6.549953
6.553312
6.556682
6.560063
6.563455
6.566857
6.570268
6.573689
6.577119
6.580557
6.584004
6.587458
6.590920
6.594389
6.597864
6.601345
6.604832
6.608323
6.611820
6.615321
6.618825
6.622333
6.625844
6.629357
6.632873
6.636390
6.639910
6.643431
6.646953
6.650477
6.654002
6.657529
6.661057
6.664587
6.668119
6.671653
6.675188
6.678726
6.682265
6.685806
6.689347
6.692880
6.696307
6.699725
6.703139
6.706550
6.709954
6.713353
6.716742
6.720122
6.723491
6.726848
6.730190
6.733517
6.736828
6.740122
6.743397
6.746653
6.749888
6.753102
6.756292
6.759459
6.762599
6.765713
6.768797
6.771853
6.774877
6.777870
6.780831
6.783760
6.786660
6.789531
6.792378
6.795206
6.798022
6.800834
6.803654
6.806495
6.809370
6.812292
6.815274
6.818325
6.821447
6.824641
6.827899
6.831207
6.834548
6.837900
6.841241
6.844549
6.847803
6.850983
6.854075
6.857063
6.859938
6.862693
6.865322
6.867822
6.870192
6.872434
6.874549
6.876541
6.878413
6.880170
6.881817
6.883360
6.884803
6.886152
6.887412
6.888590
6.889689
6.890715
6.891673
6.892569
6.893408
6.894196
6.894937
6.895635
6.896293
6.896914
6.897502
6.898060
6.898591
6.899099
6.899586
6.900055
6.900509
6.900952
6.901386
6.901815
6.902243
6.902672
6.903108
6.903554
6.904016
6.904499
6.905011
6.905559
6.906150
6.906796
6.907507
6.908296
6.909177
6.910166
6.911286
6.912561
6.914017
6.915683
6.917595
6.919789
6.922306
6.925192
6.928497
6.932274
6.936582
6.941485
6.947051
6.953354
6.960476
6.968504
6.977535
6.987672
6.999030
7.011734
7.025917
7.041727
7.059320
7.078863
7.100534
7.124514
7.150992
7.180152
7.212171
7.247214
7.285419
7.326894
7.371702
7.419856
7.471308
7.525944
7.583582
7.644016
7.708066
7.774255
7.842070
7.910991
7.980465
8.049916
8.118765
8.186449
8.252433
8.316209
8.377269
8.435101
8.489358
8.540251
8.585966
8.626391
8.658352
8.681417
8.696999
8.706659
8.712058
8.713565
8.713625
8.713541
8.713442
8.713167
8.713043
8.712687
8.712494
8.712186
8.711902
8.711589
8.711250
8.710887
8.710500
8.710089
8.709655
8.709198
8.708717
8.708211
8.707682
8.707126
8.706544
8.705933
8.705292
8.704616
8.703902
8.703144
8.702334
8.701461
8.700512
8.699467
8.698296
8.696953
8.695361
8.693395
8.690848
8.687392
8.681812
