6.168582
6.168551
6.168507
6.168459
6.168416
6.168382
6.168353
6.168327
6.168303
6.168279
6.168257
6.168236
6.168215
6.168194
6.168174
6.168155
6.168136
6.168117
6.168099
6.168082
6.168064
6.168047
6.168031
6.168015
6.167999
6.167984
6.167969
6.167955
6.167940
6.167927
6.167913
6.167900
6.167887
6.167875
6.167863
6.167851
6.167840
6.167829
6.167818
6.167808
6.167798
6.167788
6.167779
6.167770
6.167761
6.167753
6.167744
6.167737
6.167729
6.167722
6.167715
6.167708
6.167702
6.167696
6.167691
6.167686
6.167681
6.167676
6.167672
6.167669
6.167665
6.167662
6.167660
6.167658
6.167657
6.167656
6.167656
6.167656
6.167657
6.167659
6.167662
6.167666
6.167671
6.167677
6.167684
6.167693
6.167702
6.167714
6.167729
6.167746
6.167766
6.167788
6.167814
6.167842
6.167875
6.167910
6.167949
6.167993
6.168040
6.168091
6.168146
6.168206
6.168271
6.168340
6.168415
6.168494
6.168578
6.168668
6.168764
6.168865
6.168971
6.169084
6.169203
6.169327
6.169458
6.169596
6.169740
6.169890
6.170048
6.170212
6.170384
6.170563
6.170749
6.170940
6.171138
6.171342
6.171552
6.171770
6.171995
6.172228
6.172467
6.172715
6.172970
6.173233
6.173505
6.173784
6.174072
6.174368
6.174673
6.174986
6.175309
6.175640
6.175981
6.176330
6.176689
6.177058
6.177436
6.177824
6.178222
6.178630
6.179048
6.179476
6.179914
6.180364
6.180823
6.181294
6.181776
6.182268
6.182772
6.183286
6.183812
6.184350
6.184899
6.185459
6.186031
6.186615
6.187210
6.187818
6.188437
6.189068
6.189711
6.190367
6.191034
6.191714
6.192406
6.193111
6.193827
6.194556
6.195297
6.196050
6.196815
6.197592
6.198381
6.199184
6.200005
6.200857
6.201769
6.202848
6.203991
6.205159
6.206345
6.207549
6.208771
6.210009
6.211264
6.212536
6.213824
6.215128
6.216449
6.217785
6.219136
6.220503
6.221885
6.223282
6.224694
6.226120
6.227561
6.229016
6.230485
6.231967
6.233464
6.234974
6.236498
6.238036
6.239586
6.241150
6.242727
6.244318
6.245922
6.247538
6.249168
6.250812
6.252468
6.254137
6.255820
6.257516
6.259225
6.260948
6.262684
6.264433
6.266196
6.267972
6.269762
6.271566
6.273383
6.275213
6.277058
6.278916
6.280788
6.282673
6.284573
6.286487
6.288414
6.290355
6.292311
6.294280
6.296263
6.298261
6.300272
6.302297
6.304337
6.306390
6.308458
6.310539
6.312635
6.314744
6.316868
6.319005
6.321157
6.323323
6.325502
6.327696
6.329903
6.332125
6.334360
6.336609
6.338872
6.341149
6.343439
6.345744
6.348062
6.350393
6.352739
6.355099
6.357472
6.359859
6.362260
6.364674
6.367103
6.369545
6.372002
6.374472
6.376957
6.379456
6.381969
6.384495
6.387013
6.389355
6.391685
6.394027
6.396382
6.398750
6.401132
6.403527
6.405935
6.408356
6.410790
6.413236
6.415696
6.418168
6.420653
6.423150
6.425661
6.428184
6.430720
6.433269
6.435830
6.438404
6.440991
6.443591
6.446204
6.448830
6.451468
6.454120
6.456784
6.459461
6.462152
6.464855
6.467571
6.470301
6.473043
6.475798
6.478567
6.481348
6.484143
6.486950
6.489771
6.492605
6.495452
6.498312
6.501185
6.504071
6.506970
6.509881
6.512806
6.515743
6.518693
6.521655
6.524630
6.527617
6.530616
6.533628
6.536652
6.539687
6.542734
6.545793
6.548863
6.551944
6.555036
6.558139
6.561252
6.564376
6.567509
6.570653
6.573805
6.576966
6.580136
6.583315
6.586501
6.589695
6.592895
6.596102
6.599316
6.602535
6.605759
6.608988
6.612221
6.615458
6.618697
6.621939
6.625183
6.628428
6.631673
6.634918
6.638163
6.641406
6.644646
6.647885
6.651119
6.654350
6.657577
6.660798
6.664013
6.667223
6.670425
6.673620
6.676800
6.679881
6.682947
6.686003
6.689052
6.692091
6.695122
6.698143
6.701156
6.704160
6.707156
6.710142
6.713120
6.716090
6.719051
6.722004
6.724948
6.727883
6.730809
6.733726
6.736633
6.739531
6.742418
6.745297
6.748169
6.751040
6.753919
6.756822
6.759772
6.762794
6.765914
6.769138
6.772448
6.775804
6.779147
6.782421
6.785579
6.788587
6.791424
6.794079
6.796550
6.798839
6.800953
6.802900
6.804689
6.806329
6.807832
6.809206
6.810462
6.811609
6.812655
6.813610
6.814480
6.815274
6.815998
6.816660
6.817265
6.817819
6.818327
6.818796
6.819228
6.819629
6.820001
6.820347
6.820670
6.820971
6.821253
6.821517
6.821765
6.821999
6.822221
6.822434
6.822639
6.822839
6.823035
6.823229
6.823420
6.823610
6.823799
6.823987
6.824176
6.824364
6.824553
6.824743
6.824934
6.825127
6.825322
6.825521
6.825723
6.825929
6.826140
6.826356
6.826579
6.826809
6.827046
6.827293
6.827551
6.827821
6.828104
6.828401
6.828715
6.829056
6.829419
6.829807
6.830223
6.830671
6.831153
6.831673
6.832234
6.832837
6.833484
6.834174
6.834908
6.835684
6.836504
6.837370
6.838295
6.839314
6.840503
6.841993
6.843982
6.846733
6.850577
6.855896
6.863122
6.872723
6.885209
6.901120
6.921012
6.945440
6.974920
7.009897
7.050707
7.097545
7.150459
7.209339
7.273938
7.343880
7.418673
7.497717
7.580376
7.670214
7.762020
7.854735
7.947397
8.039125
8.129165
8.216898
8.301800
8.383339
8.460779
8.532960
8.598580
8.657658
8.715568
8.753680
8.767103
8.772920
8.774099
8.774246
8.774202
8.774084
8.773939
8.773628
8.773494
8.773043
8.772852
8.772635
8.772102
8.771847
8.771329
8.771023
8.770560
8.770158
8.769731
8.769279
8.768806
8.768314
8.767800
8.767264
8.766707
8.766127
8.765524
8.764894
8.764237
8.763548
8.762826
8.762064
8.761256
8.760393
8.759464
8.758453
8.757338
8.756088
8.754653
8.752965
8.751090
8.746563
8.743688
8.730552
