6.133316
6.133285
6.133240
6.133191
6.133147
6.133112
6.133082
6.133055
6.133030
6.133006
6.132983
6.132960
6.132938
6.132917
6.132896
6.132875
6.132855
6.132835
6.132816
6.132797
6.132778
6.132760
6.132743
6.132725
6.132708
6.132692
6.132675
6.132660
6.132644
6.132629
6.132614
6.132600
6.132585
6.132572
6.132558
6.132545
6.132532
6.132519
6.132507
6.132495
6.132484
6.132472
6.132461
6.132450
6.132440
6.132430
6.132420
6.132410
6.132401
6.132391
6.132383
6.132374
6.132366
6.132358
6.132350
6.132342
6.132335
6.132328
6.132321
6.132315
6.132308
6.132302
6.132297
6.132291
6.132286
6.132282
6.132277
6.132273
6.132269
6.132266
6.132263
6.132260
6.132258
6.132256
6.132255
6.132255
6.132255
6.132256
6.132259
6.132262
6.132268
6.132275
6.132283
6.132294
6.132307
6.132322
6.132338
6.132357
6.132379
6.132402
6.132428
6.132457
6.132488
6.132522
6.132558
6.132598
6.132640
6.132685
6.132733
6.132784
6.132838
6.132896
6.132957
6.133021
6.133089
6.133160
6.133235
6.133314
6.133396
6.133484
6.133573
6.133669
6.133768
6.133871
6.133978
6.134090
6.134207
6.134328
6.134454
6.134585
6.134722
6.134863
6.135010
6.135162
6.135319
6.135483
6.135652
6.135827
6.136008
6.136195
6.136388
6.136588
6.136795
6.137008
6.137229
6.137456
6.137690
6.137932
6.138182
6.138439
6.138703
6.138976
6.139257
6.139546
6.139844
6.140150
6.140465
6.140789
6.141123
6.141465
6.141817
6.142177
6.142548
6.142928
6.143319
6.143719
6.144130
6.144552
6.144983
6.145422
6.145870
6.146328
6.146795
6.147273
6.147761
6.148260
6.148769
6.149291
6.149822
6.150365
6.150919
6.151486
6.152067
6.152663
6.153277
6.153916
6.154589
6.155322
6.156103
6.156919
6.157760
6.158625
6.159509
6.160411
6.161331
6.162269
6.163225
6.164200
6.165193
6.166204
6.167234
6.168283
6.169350
6.170435
6.171538
6.172661
6.173802
6.174961
6.176138
6.177333
6.178547
6.179778
6.181026
6.182292
6.183576
6.184876
6.186194
6.187529
6.188881
6.190249
6.191634
6.193036
6.194454
6.195888
6.197338
6.198804
6.200286
6.201783
6.203297
6.204826
6.206370
6.207931
6.209506
6.211098
6.212704
6.214327
6.215964
6.217618
6.219287
6.220971
6.222672
6.224387
6.226119
6.227867
6.229630
6.231409
6.233205
6.235016
6.236844
6.238688
6.240549
6.242425
6.244319
6.246229
6.248155
6.250099
6.252059
6.254036
6.256030
6.258041
6.260069
6.262114
6.264176
6.266256
6.268352
6.270466
6.272597
6.274746
6.276912
6.279095
6.281296
6.283514
6.285748
6.288002
6.290272
6.292559
6.294863
6.297185
6.299523
6.301878
6.304252
6.306643
6.309049
6.311472
6.313911
6.316360
6.318788
6.321090
6.323354
6.325618
6.327897
6.330191
6.332501
6.334827
6.337168
6.339525
6.341897
6.344285
6.346688
6.349106
6.351540
6.353989
6.356453
6.358933
6.361428
6.363938
6.366464
6.369005
6.371562
6.374134
6.376722
6.379325
6.381943
6.384577
6.387226
6.389892
6.392572
6.395268
6.397980
6.400708
6.403451
6.406210
6.408985
6.411775
6.414581
6.417403
6.420242
6.423096
6.425966
6.428852
6.431754
6.434672
6.437606
6.440557
6.443524
6.446507
6.449507
6.452523
6.455555
6.458604
6.461670
6.464753
6.467852
6.470968
6.474100
6.477250
6.480417
6.483600
6.486801
6.490019
6.493254
6.496506
6.499776
6.503063
6.506368
6.509690
6.513029
6.516386
6.519761
6.523154
6.526564
6.529992
6.533438
6.536901
6.540383
6.543882
6.547399
6.550934
6.554487
6.558058
6.561647
6.565254
6.568878
6.572521
6.576181
6.579860
6.583556
6.587270
6.591001
6.594751
6.598518
6.602302
6.606104
6.609924
6.613760
6.617611
6.621462
6.625229
6.628995
6.632775
6.636571
6.640383
6.644210
6.648054
6.651913
6.655787
6.659677
6.663582
6.667503
6.671438
6.675388
6.679352
6.683331
6.687323
6.691330
6.695350
6.699384
6.703431
6.707490
6.711563
6.715648
6.719745
6.723854
6.727974
6.732106
6.736249
6.740403
6.744568
6.748742
6.752927
6.757121
6.761325
6.765538
6.769760
6.773990
6.778229
6.782474
6.786729
6.790992
6.795262
6.799540
6.803825
6.808117
6.812417
6.816724
6.821039
6.825362
6.829694
6.834034
6.838383
6.842742
6.847113
6.851495
6.855891
6.860302
6.864729
6.869174
6.873641
6.878131
6.882650
6.887198
6.891781
6.896403
6.901072
6.905790
6.910566
6.915407
6.920322
6.925319
6.930409
6.935603
6.940914
6.946355
6.951940
6.957686
6.963610
6.969728
6.976061
6.982632
6.989459
6.996566
7.003978
7.011719
7.019814
7.028289
7.037172
7.046488
7.056267
7.066532
7.077312
7.088633
7.100519
7.112996
7.126086
7.139811
7.154194
7.169283
7.185514
7.202503
7.220234
7.238712
7.257945
7.277936
7.298683
7.320185
7.342433
7.365419
7.389128
7.413546
7.438653
7.464429
7.490852
7.517902
7.545559
7.573805
7.602630
7.632028
7.662002
7.692554
7.723676
7.755335
7.787431
7.819764
7.851994
7.883636
7.914090
7.942729
7.969017
7.992557
8.012742
8.029897
8.044570
8.057427
8.068928
8.077048
8.079558
8.079458
8.079001
8.078615
8.078316
8.078092
8.077934
8.077828
8.077737
8.077647
8.077549
8.077452
8.077335
8.077222
8.077099
8.076982
8.076863
8.076741
8.076611
8.076487
8.076360
8.076234
8.076109
8.075986
8.075873
8.075758
8.075653
8.075557
8.075470
8.075392
8.075324
8.075266
8.075223
8.075191
8.075171
8.075165
8.075168
8.075183
8.075202
8.075229
8.075264
8.075303
8.075345
8.075393
8.075435
8.075467
8.075481
8.075472
8.075431
8.075336
8.075180
8.074950
8.074616
8.074239
8.073867
8.073351
8.072659
8.071699
8.070309
8.068105
8.063836
