6.133606
6.133574
6.133529
6.133480
6.133436
6.133401
6.133371
6.133344
6.133319
6.133295
6.133272
6.133250
6.133228
6.133207
6.133186
6.133165
6.133145
6.133126
6.133106
6.133088
6.133069
6.133051
6.133034
6.133016
6.132999
6.132983
6.132967
6.132951
6.132936
6.132921
6.132906
6.132892
6.132878
6.132864
6.132851
6.132838
6.132825
6.132813
6.132801
6.132789
6.132777
6.132766
6.132755
6.132745
6.132734
6.132724
6.132715
6.132705
6.132696
6.132687
6.132678
6.132670
6.132662
6.132654
6.132646
6.132639
6.132632
6.132625
6.132619
6.132613
6.132607
6.132601
6.132596
6.132591
6.132586
6.132582
6.132577
6.132574
6.132570
6.132568
6.132565
6.132563
6.132562
6.132561
6.132561
6.132561
6.132562
6.132565
6.132569
6.132574
6.132582
6.132591
6.132602
6.132614
6.132629
6.132646
6.132666
6.132687
6.132711
6.132738
6.132767
6.132798
6.132832
6.132869
6.132908
6.132951
6.132996
6.133044
6.133096
6.133150
6.133208
6.133269
6.133333
6.133401
6.133472
6.133547
6.133626
6.133708
6.133794
6.133885
6.133979
6.134077
6.134180
6.134287
6.134399
6.134515
6.134635
6.134761
6.134891
6.135026
6.135167
6.135312
6.135463
6.135619
6.135781
6.135949
6.136122
6.136301
6.136487
6.136678
6.136876
6.137080
6.137291
6.137508
6.137733
6.137964
6.138203
6.138448
6.138702
6.138963
6.139231
6.139508
6.139792
6.140085
6.140386
6.140696
6.141014
6.141342
6.141678
6.142024
6.142378
6.142743
6.143117
6.143500
6.143894
6.144297
6.144710
6.145133
6.145565
6.146005
6.146454
6.146913
6.147382
6.147861
6.148350
6.148850
6.149360
6.149880
6.150412
6.150955
6.151510
6.152076
6.152656
6.153251
6.153865
6.154502
6.155174
6.155906
6.156688
6.157504
6.158345
6.159207
6.160087
6.160986
6.161902
6.162836
6.163789
6.164759
6.165748
6.166756
6.167782
6.168826
6.169889
6.170970
6.172070
6.173188
6.174325
6.175480
6.176653
6.177844
6.179053
6.180280
6.181525
6.182788
6.184068
6.185365
6.186680
6.188012
6.189362
6.190728
6.192111
6.193511
6.194927
6.196360
6.197809
6.199274
6.200755
6.202253
6.203766
6.205296
6.206841
6.208403
6.209980
6.211572
6.213181
6.214805
6.216445
6.218100
6.219772
6.221459
6.223162
6.224880
6.226615
6.228365
6.230131
6.231914
6.233712
6.235526
6.237357
6.239204
6.241067
6.242947
6.244843
6.246755
6.248684
6.250630
6.252592
6.254571
6.256567
6.258580
6.260610
6.262657
6.264721
6.266802
6.268900
6.271015
6.273147
6.275297
6.277463
6.279647
6.281848
6.284066
6.286302
6.288555
6.290825
6.293112
6.295416
6.297738
6.300077
6.302433
6.304806
6.307196
6.309603
6.312026
6.314465
6.316912
6.319338
6.321642
6.323908
6.326172
6.328449
6.330743
6.333053
6.335378
6.337719
6.340076
6.342448
6.344835
6.347238
6.349656
6.352090
6.354538
6.357002
6.359482
6.361977
6.364487
6.367013
6.369554
6.372110
6.374682
6.377270
6.379873
6.382491
6.385125
6.387775
6.390440
6.393120
6.395816
6.398528
6.401256
6.403999
6.406758
6.409533
6.412324
6.415130
6.417952
6.420791
6.423645
6.426515
6.429401
6.432304
6.435222
6.438157
6.441108
6.444075
6.447059
6.450059
6.453075
6.456108
6.459157
6.462224
6.465306
6.468406
6.471522
6.474655
6.477805
6.480972
6.484156
6.487356
6.490575
6.493810
6.497062
6.500332
6.503619
6.506923
6.510245
6.513584
6.516941
6.520315
6.523707
6.527117
6.530544
6.533989
6.537451
6.540932
6.544430
6.547945
6.551479
6.555030
6.558599
6.562186
6.565791
6.569413
6.573053
6.576711
6.580387
6.584080
6.587791
6.591519
6.595265
6.599028
6.602809
6.606607
6.610422
6.614254
6.618100
6.621947
6.625708
6.629469
6.633244
6.637034
6.640840
6.644662
6.648499
6.652352
6.656220
6.660103
6.664001
6.667914
6.671842
6.675784
6.679740
6.683710
6.687695
6.691692
6.695704
6.699728
6.703766
6.707816
6.711879
6.715954
6.720041
6.724139
6.728249
6.732371
6.736503
6.740646
6.744800
6.748964
6.753137
6.757321
6.761514
6.765716
6.769927
6.774147
6.778375
6.782612
6.786858
6.791112
6.795374
6.799644
6.803923
6.808210
6.812506
6.816810
6.821124
6.825448
6.829782
6.834128
6.838485
6.842856
6.847241
6.851642
6.856061
6.860500
6.864960
6.869446
6.873959
6.878504
6.883085
6.887705
6.892370
6.897085
6.901857
6.906693
6.911600
6.916587
6.921664
6.926840
6.932127
6.937536
6.943082
6.948778
6.954639
6.960682
6.966923
6.973383
6.980078
6.987030
6.994260
7.001790
7.009641
7.017837
7.026402
7.035359
7.044733
7.054546
7.064823
7.075587
7.086862
7.098668
7.111028
7.123962
7.137488
7.151625
7.166389
7.181827
7.198378
7.215645
7.233607
7.252267
7.271629
7.291694
7.312458
7.333916
7.356060
7.378877
7.402353
7.426466
7.451194
7.476504
7.502363
7.528726
7.555542
7.582747
7.610270
7.638024
7.665911
7.693819
7.721628
7.749210
7.776434
7.803179
7.829338
7.854829
7.879594
7.903581
7.926691
7.948660
7.968559
7.986055
8.000822
8.012744
8.021715
8.027531
8.030767
8.032386
8.032786
8.032967
8.033066
8.033124
8.033158
8.033176
8.033183
8.033182
8.033177
8.033169
8.033161
8.033153
8.033149
8.033148
8.033154
8.033166
8.033187
8.033218
8.033260
8.033315
8.033383
8.033466
8.033564
8.033679
8.033811
8.033961
8.034130
8.034317
8.034523
8.034748
8.034992
8.035255
8.035536
8.035835
8.036152
8.036485
8.036835
8.037198
8.037576
8.037965
8.038365
8.038775
8.039190
8.039611
8.040034
8.040455
8.040873
8.041283
8.041680
8.042060
8.042413
8.042731
8.043001
8.043203
8.043310
8.043269
8.042976
8.042168
8.039936
