6.134228
6.134196
6.134151
6.134101
6.134057
6.134022
6.133993
6.133966
6.133941
6.133918
6.133895
6.133874
6.133852
6.133832
6.133812
6.133792
6.133773
6.133754
6.133736
6.133718
6.133701
6.133684
6.133667
6.133651
6.133636
6.133621
6.133606
6.133591
6.133577
6.133564
6.133551
6.133538
6.133525
6.133513
6.133501
6.133490
6.133479
6.133468
6.133458
6.133448
6.133438
6.133429
6.133420
6.133411
6.133403
6.133395
6.133388
6.133380
6.133374
6.133367
6.133361
6.133355
6.133350
6.133345
6.133341
6.133337
6.133333
6.133330
6.133328
6.133326
6.133325
6.133324
6.133324
6.133326
6.133328
6.133332
6.133337
6.133342
6.133349
6.133357
6.133366
6.133377
6.133388
6.133401
6.133416
6.133431
6.133449
6.133470
6.133493
6.133519
6.133549
6.133580
6.133614
6.133650
6.133689
6.133730
6.133774
6.133821
6.133871
6.133924
6.133979
6.134038
6.134100
6.134164
6.134233
6.134305
6.134379
6.134457
6.134539
6.134624
6.134713
6.134805
6.134901
6.135001
6.135105
6.135212
6.135324
6.135440
6.135560
6.135685
6.135814
6.135947
6.136085
6.136227
6.136374
6.136526
6.136682
6.136844
6.137010
6.137182
6.137359
6.137542
6.137730
6.137923
6.138122
6.138327
6.138537
6.138754
6.138976
6.139204
6.139439
6.139680
6.139928
6.140182
6.140443
6.140711
6.140985
6.141267
6.141555
6.141851
6.142154
6.142464
6.142783
6.143108
6.143442
6.143784
6.144133
6.144491
6.144857
6.145232
6.145615
6.146006
6.146408
6.146817
6.147236
6.147663
6.148100
6.148546
6.149002
6.149467
6.149942
6.150427
6.150922
6.151428
6.151945
6.152470
6.153004
6.153548
6.154100
6.154664
6.155237
6.155822
6.156420
6.157031
6.157659
6.158309
6.158992
6.159727
6.160508
6.161323
6.162163
6.163024
6.163906
6.164805
6.165721
6.166654
6.167603
6.168569
6.169551
6.170550
6.171566
6.172598
6.173648
6.174714
6.175798
6.176898
6.178016
6.179151
6.180304
6.181474
6.182662
6.183867
6.185089
6.186329
6.187587
6.188863
6.190157
6.191469
6.192799
6.194147
6.195512
6.196896
6.198297
6.199716
6.201153
6.202607
6.204079
6.205569
6.207076
6.208601
6.210143
6.211703
6.213281
6.214875
6.216487
6.218116
6.219763
6.221426
6.223107
6.224805
6.226520
6.228252
6.230000
6.231766
6.233549
6.235348
6.237164
6.238998
6.240847
6.242714
6.244598
6.246498
6.248414
6.250348
6.252298
6.254265
6.256248
6.258249
6.260265
6.262299
6.264349
6.266416
6.268499
6.270599
6.272716
6.274849
6.276999
6.279166
6.281350
6.283550
6.285767
6.288000
6.290250
6.292517
6.294801
6.297101
6.299419
6.301753
6.304103
6.306470
6.308854
6.311255
6.313672
6.316106
6.318554
6.321010
6.323444
6.325759
6.328035
6.330311
6.332600
6.334903
6.337222
6.339555
6.341904
6.344268
6.346648
6.349042
6.351452
6.353878
6.356318
6.358774
6.361246
6.363733
6.366236
6.368754
6.371287
6.373836
6.376400
6.378981
6.381576
6.384188
6.386815
6.389458
6.392116
6.394790
6.397479
6.400185
6.402906
6.405643
6.408395
6.411164
6.413948
6.416748
6.419565
6.422397
6.425245
6.428109
6.430989
6.433885
6.436797
6.439726
6.442670
6.445631
6.448608
6.451601
6.454611
6.457636
6.460678
6.463737
6.466812
6.469903
6.473010
6.476134
6.479275
6.482432
6.485606
6.488796
6.492002
6.495226
6.498466
6.501722
6.504995
6.508285
6.511591
6.514914
6.518254
6.521610
6.524983
6.528372
6.531778
6.535201
6.538640
6.542096
6.545568
6.549057
6.552563
6.556085
6.559623
6.563178
6.566749
6.570336
6.573939
6.577559
6.581195
6.584847
6.588516
6.592200
6.595900
6.599616
6.603348
6.607095
6.610858
6.614636
6.618430
6.622233
6.626035
6.629755
6.633473
6.637201
6.640943
6.644699
6.648469
6.652253
6.656050
6.659862
6.663687
6.667526
6.671379
6.675245
6.679125
6.683018
6.686924
6.690844
6.694776
6.698722
6.702682
6.706656
6.710643
6.714643
6.718658
6.722687
6.726730
6.730787
6.734860
6.738949
6.743052
6.747172
6.751309
6.755464
6.759638
6.763831
6.768044
6.772279
6.776537
6.780817
6.785125
6.789459
6.793823
6.798217
6.802645
6.807108
6.811609
6.816152
6.820738
6.825372
6.830057
6.834797
6.839596
6.844458
6.849388
6.854391
6.859473
6.864640
6.869896
6.875249
6.880705
6.886272
6.891957
6.897768
6.903713
6.909800
6.916039
6.922437
6.929007
6.935757
6.942695
6.949835
6.957187
6.964760
6.972565
6.980615
6.988918
6.997485
7.006327
7.015454
7.024875
7.034598
7.044632
7.054986
7.065668
7.076685
7.088045
7.099758
7.111830
7.124272
7.137093
7.150306
7.163920
7.177947
7.192397
7.207276
7.222587
7.238324
7.254467
7.270992
7.287886
7.305465
7.323265
7.341152
7.359016
7.376742
7.394224
7.411361
7.428069
7.444287
7.459991
7.475196
7.489951
7.504321
7.518326
7.531883
7.544758
7.556386
7.566689
7.575589
7.583095
7.589290
7.594387
7.598550
7.601908
7.604560
7.606398
7.607531
7.608011
7.608180
7.608235
7.608244
7.608231
7.608202
7.608164
7.608114
7.608074
7.607995
7.607961
7.607862
7.607826
7.607722
7.607656
7.607609
7.607519
7.607428
7.607346
7.607285
7.607211
7.607132
7.607053
7.606977
7.606927
7.606837
7.606759
7.606715
7.606650
7.606591
7.606534
7.606484
7.606440
7.606400
7.606369
7.606341
7.606325
7.606317
7.606322
7.606342
7.606379
7.606433
7.606513
7.606622
7.606769
7.606957
7.607195
7.607492
7.607858
7.608304
7.608842
7.609489
7.610270
7.611176
7.612229
7.613448
7.614852
7.616465
7.618315
7.620440
7.622886
7.625721
7.629115
7.633039
7.637919
7.641353
7.643796
7.645614
7.646913
7.647697
7.647822
7.646591
