6.134228
6.134196
6.134151
6.134102
6.134058
6.134023
6.133993
6.133967
6.133942
6.133919
6.133896
6.133874
6.133853
6.133832
6.133812
6.133793
6.133773
6.133755
6.133737
6.133719
6.133701
6.133685
6.133668
6.133652
6.133636
6.133621
6.133606
6.133592
6.133578
6.133564
6.133551
6.133538
6.133526
6.133514
6.133502
6.133491
6.133480
6.133469
6.133459
6.133449
6.133439
6.133430
6.133421
6.133412
6.133404
6.133396
6.133388
6.133381
6.133374
6.133368
6.133362
6.133356
6.133351
6.133346
6.133341
6.133337
6.133334
6.133330
6.133328
6.133326
6.133325
6.133324
6.133324
6.133326
6.133328
6.133332
6.133336
6.133342
6.133348
6.133356
6.133365
6.133375
6.133387
6.133399
6.133413
6.133429
6.133446
6.133467
6.133490
6.133516
6.133544
6.133576
6.133610
6.133646
6.133684
6.133726
6.133770
6.133816
6.133866
6.133918
6.133974
6.134032
6.134094
6.134159
6.134227
6.134298
6.134373
6.134451
6.134533
6.134618
6.134706
6.134798
6.134894
6.134994
6.135098
6.135205
6.135317
6.135433
6.135553
6.135677
6.135807
6.135940
6.136077
6.136219
6.136366
6.136518
6.136674
6.136836
6.137002
6.137174
6.137351
6.137533
6.137720
6.137914
6.138113
6.138318
6.138528
6.138744
6.138967
6.139195
6.139430
6.139671
6.139918
6.140172
6.140433
6.140701
6.140975
6.141257
6.141546
6.141842
6.142145
6.142456
6.142774
6.143100
6.143434
6.143776
6.144126
6.144484
6.144851
6.145226
6.145609
6.146001
6.146402
6.146812
6.147231
6.147659
6.148096
6.148543
6.148999
6.149465
6.149941
6.150427
6.150925
6.151430
6.151943
6.152465
6.152997
6.153538
6.154089
6.154651
6.155223
6.155805
6.156401
6.157010
6.157638
6.158287
6.158967
6.159705
6.160488
6.161304
6.162145
6.163008
6.163889
6.164788
6.165704
6.166637
6.167586
6.168551
6.169533
6.170531
6.171547
6.172579
6.173628
6.174694
6.175777
6.176877
6.177994
6.179129
6.180280
6.181450
6.182636
6.183841
6.185064
6.186304
6.187563
6.188839
6.190134
6.191446
6.192776
6.194124
6.195490
6.196873
6.198274
6.199694
6.201131
6.202586
6.204058
6.205548
6.207056
6.208581
6.210124
6.211684
6.213261
6.214856
6.216468
6.218098
6.219744
6.221408
6.223088
6.224786
6.226501
6.228233
6.229982
6.231747
6.233530
6.235330
6.237146
6.238979
6.240829
6.242696
6.244579
6.246479
6.248397
6.250331
6.252281
6.254248
6.256231
6.258231
6.260248
6.262282
6.264332
6.266399
6.268482
6.270582
6.272699
6.274832
6.276983
6.279149
6.281333
6.283533
6.285750
6.287983
6.290233
6.292500
6.294783
6.297084
6.299401
6.301734
6.304085
6.306452
6.308835
6.311236
6.313653
6.316087
6.318535
6.320992
6.323425
6.325740
6.328017
6.330292
6.332580
6.334883
6.337201
6.339535
6.341883
6.344248
6.346627
6.349022
6.351432
6.353858
6.356298
6.358755
6.361226
6.363714
6.366216
6.368734
6.371268
6.373817
6.376381
6.378961
6.381557
6.384168
6.386795
6.389438
6.392096
6.394770
6.397459
6.400164
6.402885
6.405622
6.408375
6.411143
6.413927
6.416727
6.419543
6.422376
6.425224
6.428088
6.430968
6.433864
6.436776
6.439704
6.442650
6.445610
6.448587
6.451580
6.454590
6.457616
6.460658
6.463716
6.466791
6.469882
6.472989
6.476114
6.479254
6.482411
6.485585
6.488775
6.491981
6.495205
6.498445
6.501701
6.504974
6.508264
6.511570
6.514893
6.518233
6.521589
6.524962
6.528352
6.531758
6.535180
6.538619
6.542075
6.545547
6.549036
6.552542
6.556064
6.559602
6.563157
6.566729
6.570316
6.573920
6.577540
6.581176
6.584829
6.588497
6.592181
6.595882
6.599598
6.603330
6.607076
6.610839
6.614618
6.618411
6.622216
6.626018
6.629739
6.633456
6.637184
6.640927
6.644682
6.648452
6.652236
6.656034
6.659846
6.663672
6.667511
6.671364
6.675231
6.679109
6.683003
6.686909
6.690829
6.694763
6.698709
6.702669
6.706643
6.710630
6.714631
6.718645
6.722674
6.726717
6.730774
6.734847
6.738934
6.743038
6.747159
6.751295
6.755449
6.759622
6.763815
6.768027
6.772261
6.776517
6.780798
6.785103
6.789436
6.793798
6.798191
6.802617
6.807079
6.811578
6.816119
6.820704
6.825336
6.830019
6.834757
6.839554
6.844414
6.849343
6.854345
6.859426
6.864591
6.869848
6.875203
6.880662
6.886233
6.891924
6.897742
6.903697
6.909798
6.916054
6.922474
6.929071
6.935852
6.942831
6.950018
6.957425
6.965063
6.972944
6.981081
6.989484
6.998167
7.007140
7.016413
7.025999
7.035904
7.046139
7.056712
7.067631
7.078901
7.090527
7.102515
7.114866
7.127581
7.140660
7.154100
7.167897
7.182044
7.196532
7.211350
7.226484
7.241917
7.257631
7.273607
7.289850
7.306699
7.323742
7.340894
7.358094
7.375278
7.392383
7.409347
7.426130
7.442711
7.459103
7.475335
7.491410
7.507244
7.522613
7.537129
7.550121
7.561520
7.571298
7.579514
7.586296
7.591851
7.596405
7.600119
7.603112
7.605404
7.606955
7.607896
7.608312
7.608463
7.608512
7.608518
7.608502
7.608470
7.608430
7.608380
7.608325
7.608278
7.608197
7.608146
7.608055
7.607999
7.607899
7.607846
7.607766
7.607666
7.607597
7.607540
7.607437
7.607317
7.607261
7.607195
7.607129
7.607028
7.606926
7.606862
7.606790
7.606733
7.606656
7.606580
7.606510
7.606442
7.606393
7.606338
7.606281
7.606232
7.606189
7.606153
7.606123
7.606098
7.606084
7.606079
7.606089
7.606112
7.606153
7.606215
7.606300
7.606398
7.606481
7.606518
7.606506
7.606452
7.606354
7.606216
7.606034
7.605808
7.605540
7.605230
7.604874
7.604440
7.603909
7.603276
7.602525
7.601664
7.600658
7.599440
7.597909
7.595832
7.592604
7.585764
