6.166635
6.166604
6.166561
6.166513
6.166470
6.166436
6.166407
6.166381
6.166357
6.166334
6.166312
6.166290
6.166269
6.166248
6.166228
6.166209
6.166190
6.166171
6.166153
6.166135
6.166117
6.166100
6.166084
6.166067
6.166051
6.166036
6.166021
6.166006
6.165992
6.165978
6.165964
6.165951
6.165938
6.165925
6.165913
6.165901
6.165889
6.165878
6.165867
6.165856
6.165846
6.165836
6.165826
6.165817
6.165808
6.165799
6.165790
6.165782
6.165774
6.165767
6.165760
6.165753
6.165746
6.165740
6.165734
6.165728
6.165723
6.165718
6.165713
6.165709
6.165705
6.165701
6.165698
6.165696
6.165693
6.165692
6.165690
6.165690
6.165690
6.165690
6.165692
6.165694
6.165697
6.165701
6.165706
6.165712
6.165719
6.165728
6.165738
6.165751
6.165767
6.165784
6.165805
6.165828
6.165854
6.165883
6.165915
6.165951
6.165990
6.166033
6.166080
6.166131
6.166186
6.166245
6.166309
6.166377
6.166450
6.166528
6.166611
6.166699
6.166792
6.166891
6.166995
6.167105
6.167221
6.167343
6.167471
6.167605
6.167745
6.167892
6.168045
6.168205
6.168372
6.168546
6.168728
6.168917
6.169113
6.169315
6.169523
6.169737
6.169958
6.170186
6.170422
6.170665
6.170915
6.171173
6.171439
6.171713
6.171995
6.172285
6.172583
6.172890
6.173206
6.173530
6.173863
6.174204
6.174555
6.174915
6.175285
6.175664
6.176052
6.176450
6.176858
6.177275
6.177703
6.178141
6.178589
6.179047
6.179516
6.179995
6.180485
6.180985
6.181496
6.182019
6.182552
6.183096
6.183651
6.184217
6.184794
6.185383
6.185983
6.186594
6.187217
6.187851
6.188496
6.189153
6.189822
6.190502
6.191194
6.191897
6.192611
6.193337
6.194076
6.194829
6.195600
6.196401
6.197258
6.198263
6.199329
6.200419
6.201529
6.202655
6.203797
6.204956
6.206131
6.207322
6.208529
6.209752
6.210990
6.212243
6.213510
6.214793
6.216090
6.217402
6.218727
6.220067
6.221421
6.222788
6.224168
6.225562
6.226970
6.228391
6.229825
6.231271
6.232731
6.234204
6.235690
6.237189
6.238701
6.240226
6.241764
6.243315
6.244879
6.246456
6.248046
6.249650
6.251267
6.252898
6.254542
6.256200
6.257872
6.259558
6.261258
6.262972
6.264701
6.266444
6.268202
6.269975
6.271763
6.273566
6.275384
6.277218
6.279067
6.280932
6.282813
6.284709
6.286622
6.288551
6.290497
6.292459
6.294437
6.296433
6.298445
6.300475
6.302521
6.304585
6.306666
6.308765
6.310881
6.313015
6.315167
6.317337
6.319525
6.321730
6.323955
6.326197
6.328458
6.330737
6.333035
6.335352
6.337687
6.340041
6.342414
6.344806
6.347216
6.349646
6.352095
6.354563
6.357050
6.359556
6.362081
6.364625
6.367189
6.369772
6.372373
6.374992
6.377605
6.380029
6.382441
6.384870
6.387315
6.389778
6.392259
6.394757
6.397273
6.399806
6.402357
6.404925
6.407512
6.410115
6.412737
6.415376
6.418033
6.420707
6.423399
6.426108
6.428835
6.431580
6.434342
6.437121
6.439918
6.442732
6.445563
6.448412
6.451277
6.454160
6.457059
6.459975
6.462908
6.465858
6.468824
6.471807
6.474806
6.477821
6.480852
6.483900
6.486963
6.490041
6.493135
6.496245
6.499369
6.502509
6.505663
6.508832
6.512016
6.515213
6.518425
6.521650
6.524889
6.528142
6.531407
6.534686
6.537977
6.541280
6.544596
6.547923
6.551262
6.554613
6.557974
6.561346
6.564728
6.568121
6.571523
6.574934
6.578355
6.581784
6.585222
6.588667
6.592120
6.595580
6.599046
6.602519
6.605998
6.609482
6.612971
6.616465
6.619963
6.623464
6.626968
6.630476
6.633986
6.637497
6.641011
6.644526
6.648042
6.651559
6.655077
6.658595
6.662114
6.665633
6.669152
6.672672
6.676192
6.679712
6.683232
6.686751
6.690259
6.693656
6.697041
6.700422
6.703799
6.707170
6.710536
6.713893
6.717242
6.720580
6.723907
6.727221
6.730523
6.733810
6.737082
6.740341
6.743585
6.746817
6.750037
6.753250
6.756458
6.759668
6.762888
6.766126
6.769396
6.772711
6.776087
6.779539
6.783082
6.786726
6.790472
6.794317
6.798247
6.802242
6.806277
6.810324
6.814357
6.818350
6.822285
6.826147
6.829925
6.833611
6.837200
6.840689
6.844077
6.847362
6.850545
6.853625
6.856604
6.859480
6.862255
6.864930
6.867504
6.869980
6.872358
6.874640
6.876826
6.878919
6.880921
6.882832
6.884657
6.886396
6.888053
6.889631
6.891133
6.892562
6.893924
6.895223
6.896462
6.897644
6.898773
6.899850
6.900879
6.901861
6.902799
6.903695
6.904552
6.905371
6.906155
6.906907
6.907629
6.908323
6.908993
6.909631
6.910231
6.910801
6.911343
6.911861
6.912357
6.912834
6.913294
6.913739
6.914172
6.914594
6.915008
6.915417
6.915824
6.916230
6.916640
6.917057
6.917487
6.917935
6.918407
6.918913
6.919465
6.920080
6.920744
6.921467
6.922260
6.923134
6.924104
6.925187
6.926400
6.927768
6.929319
6.931097
6.933155
6.935549
6.938348
6.941631
6.945489
6.950032
6.955380
6.961675
6.969076
6.977760
6.987922
6.999775
7.013549
7.029487
7.047847
7.068901
7.092936
7.120257
7.151183
7.186046
7.225182
7.268918
7.317548
7.371301
7.430358
7.496352
7.567549
7.643392
7.723112
7.805703
7.889972
7.974634
8.058425
8.140258
8.219437
8.295873
8.369734
8.439434
8.500687
8.549284
8.586794
8.614847
8.635067
8.648989
8.658067
8.663835
8.666802
8.667019
8.666969
8.666833
8.666741
8.666420
8.666276
8.665901
8.665687
8.665376
8.665071
8.664739
8.664381
8.663999
8.663592
8.663162
8.662708
8.662230
8.661727
8.661200
8.660646
8.660067
8.659458
8.658819
8.658147
8.657438
8.656688
8.655888
8.655031
8.654105
8.653093
8.651970
8.650696
8.649201
8.647353
8.644877
8.641298
8.635839
