6.135275
6.135242
6.135197
6.135148
6.135104
6.135070
6.135042
6.135016
6.134993
6.134971
6.134950
6.134930
6.134911
6.134892
6.134874
6.134857
6.134840
6.134824
6.134809
6.134794
6.134779
6.134766
6.134753
6.134740
6.134728
6.134717
6.134706
6.134695
6.134686
6.134676
6.134668
6.134660
6.134652
6.134646
6.134639
6.134634
6.134629
6.134625
6.134622
6.134619
6.134618
6.134617
6.134617
6.134619
6.134620
6.134624
6.134629
6.134634
6.134642
6.134650
6.134659
6.134670
6.134682
6.134695
6.134710
6.134725
6.134743
6.134761
6.134781
6.134802
6.134824
6.134848
6.134873
6.134900
6.134928
6.134958
6.134989
6.135022
6.135056
6.135092
6.135129
6.135168
6.135208
6.135250
6.135294
6.135340
6.135389
6.135445
6.135507
6.135574
6.135643
6.135716
6.135791
6.135869
6.135951
6.136035
6.136123
6.136214
6.136308
6.136405
6.136506
6.136610
6.136718
6.136829
6.136944
6.137063
6.137185
6.137311
6.137441
6.137575
6.137712
6.137854
6.138000
6.138150
6.138305
6.138464
6.138627
6.138794
6.138966
6.139143
6.139324
6.139510
6.139701
6.139897
6.140098
6.140303
6.140514
6.140730
6.140951
6.141177
6.141409
6.141646
6.141888
6.142137
6.142391
6.142651
6.142917
6.143189
6.143467
6.143751
6.144041
6.144337
6.144640
6.144950
6.145266
6.145588
6.145918
6.146254
6.146597
6.146947
6.147304
6.147669
6.148040
6.148419
6.148805
6.149199
6.149601
6.150011
6.150428
6.150854
6.151287
6.151729
6.152179
6.152637
6.153104
6.153579
6.154063
6.154556
6.155058
6.155568
6.156088
6.156617
6.157154
6.157702
6.158258
6.158825
6.159400
6.159985
6.160581
6.161186
6.161802
6.162428
6.163064
6.163711
6.164372
6.165056
6.165805
6.166600
6.167431
6.168291
6.169175
6.170079
6.171000
6.171938
6.172892
6.173860
6.174844
6.175842
6.176856
6.177884
6.178927
6.179986
6.181059
6.182148
6.183253
6.184372
6.185508
6.186659
6.187826
6.189009
6.190208
6.191423
6.192654
6.193902
6.195166
6.196446
6.197743
6.199057
6.200388
6.201735
6.203099
6.204480
6.205877
6.207292
6.208724
6.210173
6.211639
6.213122
6.214622
6.216140
6.217675
6.219227
6.220796
6.222383
6.223987
6.225608
6.227247
6.228903
6.230577
6.232268
6.233976
6.235702
6.237445
6.239206
6.240985
6.242781
6.244595
6.246426
6.248276
6.250143
6.252027
6.253929
6.255849
6.257786
6.259741
6.261713
6.263702
6.265709
6.267734
6.269775
6.271835
6.273911
6.276005
6.278116
6.280245
6.282391
6.284554
6.286734
6.288931
6.291146
6.293378
6.295627
6.297893
6.300176
6.302476
6.304793
6.307127
6.309478
6.311845
6.314230
6.316632
6.319050
6.321486
6.323937
6.326403
6.328874
6.331322
6.333669
6.335981
6.338288
6.340602
6.342927
6.345266
6.347618
6.349986
6.352368
6.354766
6.357179
6.359607
6.362050
6.364508
6.366981
6.369470
6.371973
6.374492
6.377027
6.379576
6.382141
6.384721
6.387316
6.389927
6.392553
6.395195
6.397851
6.400523
6.403211
6.405914
6.408632
6.411365
6.414114
6.416879
6.419658
6.422453
6.425264
6.428090
6.430931
6.433788
6.436660
6.439547
6.442450
6.445369
6.448303
6.451252
6.454217
6.457197
6.460192
6.463203
6.466230
6.469271
6.472329
6.475401
6.478489
6.481593
6.484712
6.487846
6.490996
6.494161
6.497342
6.500538
6.503749
6.506976
6.510218
6.513476
6.516749
6.520037
6.523341
6.526661
6.529995
6.533345
6.536711
6.540093
6.543490
6.546903
6.550331
6.553776
6.557236
6.560711
6.564203
6.567711
6.571236
6.574777
6.578333
6.581907
6.585498
6.589105
6.592730
6.596372
6.600032
6.603710
6.607406
6.611122
6.614856
6.618610
6.622384
6.626177
6.629987
6.633797
6.637541
6.641287
6.645049
6.648836
6.652645
6.656482
6.660344
6.664233
6.668152
6.672100
6.676080
6.680093
6.684140
6.688222
6.692342
6.696500
6.700700
6.704942
6.709230
6.713564
6.717947
6.722381
6.726869
6.731412
6.736015
6.740677
6.745403
6.750194
6.755054
6.759983
6.764985
6.770063
6.775217
6.780450
6.785764
6.791161
6.796642
6.802207
6.807858
6.813597
6.819422
6.825334
6.831331
6.837415
6.843581
6.849829
6.856158
6.862563
6.869041
6.875590
6.882204
6.888880
6.895611
6.902395
6.909223
6.916091
6.922991
6.929919
6.936865
6.943825
6.950791
6.957756
6.964715
6.971659
6.978583
6.985481
6.992347
6.999176
7.005961
7.012700
7.019386
7.026017
7.032585
7.039087
7.045515
7.051864
7.058126
7.064291
7.070351
7.076300
7.082127
7.087830
7.093400
7.098831
7.104106
7.109201
7.114098
7.118772
7.123312
7.127789
7.132069
7.135888
7.139256
7.142070
7.144045
7.145439
7.146404
7.147039
7.147419
7.147615
7.147699
7.147714
7.147690
7.147639
7.147570
7.147489
7.147370
7.147312
7.147124
7.147050
7.146837
7.146710
7.146601
7.146388
7.146252
7.146053
7.145896
7.145714
7.145534
7.145350
7.145162
7.144969
7.144770
7.144568
7.144362
7.144152
7.143940
7.143723
7.143506
7.143285
7.143062
7.142839
7.142613
7.142388
7.142161
7.141934
7.141708
7.141482
7.141258
7.141034
7.140813
7.140592
7.140374
7.140160
7.139947
7.139737
7.139532
7.139331
7.139137
7.138946
7.138757
7.138559
7.138349
7.138167
7.138021
7.137886
7.137689
7.137449
7.137312
7.137202
7.137091
7.136953
7.136803
7.136681
7.136589
7.136504
7.136424
7.136360
7.136313
7.136285
7.136279
7.136298
7.136349
7.136438
7.136572
7.136762
7.137017
7.137351
7.137776
7.138302
7.138946
7.139722
7.140645
7.141736
7.143018
7.144529
7.146297
7.148396
7.150994
7.154481
7.158981
7.164495
7.170382
7.176316
7.182337
7.188608
7.195407
7.203383
7.214328
