6.168589
6.168558
6.168514
6.168466
6.168422
6.168388
6.168359
6.168333
6.168309
6.168286
6.168263
6.168242
6.168221
6.168200
6.168181
6.168161
6.168142
6.168124
6.168105
6.168088
6.168071
6.168054
6.168037
6.168021
6.168006
6.167991
6.167976
6.167961
6.167947
6.167934
6.167920
6.167907
6.167895
6.167882
6.167870
6.167859
6.167848
6.167837
6.167826
6.167816
6.167806
6.167796
6.167787
6.167778
6.167769
6.167761
6.167753
6.167745
6.167738
6.167731
6.167724
6.167718
6.167711
6.167706
6.167700
6.167695
6.167691
6.167686
6.167683
6.167679
6.167676
6.167673
6.167671
6.167670
6.167669
6.167668
6.167668
6.167669
6.167671
6.167674
6.167677
6.167682
6.167687
6.167694
6.167702
6.167712
6.167722
6.167736
6.167752
6.167770
6.167791
6.167816
6.167843
6.167874
6.167908
6.167946
6.167988
6.168034
6.168083
6.168137
6.168196
6.168259
6.168326
6.168399
6.168476
6.168558
6.168646
6.168739
6.168837
6.168941
6.169051
6.169167
6.169288
6.169416
6.169550
6.169691
6.169838
6.169992
6.170154
6.170322
6.170498
6.170682
6.170871
6.171067
6.171268
6.171476
6.171691
6.171913
6.172141
6.172378
6.172621
6.172872
6.173131
6.173398
6.173673
6.173956
6.174248
6.174548
6.174856
6.175173
6.175500
6.175835
6.176179
6.176532
6.176895
6.177267
6.177648
6.178039
6.178440
6.178851
6.179272
6.179703
6.180145
6.180597
6.181059
6.181532
6.182015
6.182509
6.183014
6.183531
6.184058
6.184596
6.185146
6.185707
6.186280
6.186864
6.187460
6.188067
6.188687
6.189318
6.189961
6.190616
6.191282
6.191961
6.192651
6.193353
6.194068
6.194794
6.195532
6.196282
6.197044
6.197818
6.198603
6.199402
6.200219
6.201067
6.201975
6.203051
6.204191
6.205356
6.206541
6.207742
6.208961
6.210196
6.211448
6.212716
6.214000
6.215300
6.216616
6.217948
6.219295
6.220657
6.222035
6.223427
6.224835
6.226257
6.227693
6.229144
6.230609
6.232087
6.233580
6.235086
6.236606
6.238140
6.239687
6.241247
6.242821
6.244408
6.246008
6.247622
6.249248
6.250888
6.252541
6.254207
6.255886
6.257579
6.259284
6.261003
6.262735
6.264481
6.266239
6.268011
6.269797
6.271596
6.273408
6.275234
6.277074
6.278927
6.280793
6.282674
6.284568
6.286475
6.288397
6.290332
6.292281
6.294244
6.296221
6.298211
6.300216
6.302234
6.304267
6.306313
6.308373
6.310448
6.312536
6.314638
6.316754
6.318885
6.321029
6.323187
6.325360
6.327546
6.329746
6.331961
6.334189
6.336432
6.338688
6.340959
6.343244
6.345543
6.347856
6.350183
6.352524
6.354879
6.357249
6.359633
6.362031
6.364444
6.366870
6.369312
6.371768
6.374238
6.376723
6.379223
6.381737
6.384264
6.386784
6.389118
6.391441
6.393775
6.396123
6.398484
6.400859
6.403247
6.405649
6.408064
6.410492
6.412933
6.415388
6.417856
6.420337
6.422832
6.425339
6.427860
6.430394
6.432941
6.435501
6.438075
6.440661
6.443261
6.445874
6.448501
6.451140
6.453793
6.456459
6.459138
6.461831
6.464537
6.467256
6.469988
6.472734
6.475493
6.478265
6.481051
6.483850
6.486662
6.489487
6.492325
6.495177
6.498042
6.500920
6.503811
6.506715
6.509632
6.512561
6.515504
6.518459
6.521427
6.524407
6.527400
6.530405
6.533423
6.536452
6.539493
6.542546
6.545611
6.548687
6.551773
6.554871
6.557980
6.561099
6.564228
6.567368
6.570516
6.573674
6.576842
6.580017
6.583201
6.586393
6.589592
6.592799
6.596011
6.599230
6.602455
6.605685
6.608919
6.612157
6.615398
6.618643
6.621889
6.625137
6.628386
6.631635
6.634883
6.638130
6.641374
6.644614
6.647850
6.651081
6.654305
6.657520
6.660726
6.663922
6.667105
6.670275
6.673430
6.676560
6.679577
6.682569
6.685542
6.688494
6.691426
6.694338
6.697228
6.700099
6.702949
6.705779
6.708591
6.711385
6.714161
6.716921
6.719667
6.722399
6.725119
6.727827
6.730527
6.733218
6.735903
6.738581
6.741256
6.743926
6.746593
6.749258
6.751920
6.754582
6.757243
6.759905
6.762569
6.765233
6.767896
6.770551
6.773189
6.775801
6.778377
6.780908
6.783391
6.785823
6.788208
6.790548
6.792849
6.795116
6.797353
6.799566
6.801756
6.803929
6.806086
6.808232
6.810372
6.812512
6.814661
6.816826
6.819017
6.821243
6.823511
6.825829
6.828203
6.830634
6.833126
6.835676
6.838283
6.840940
6.843642
6.846382
6.849151
6.851946
6.854769
6.857648
6.860672
6.863971
6.867516
6.871097
6.874578
6.877907
6.881082
6.884114
6.887019
6.889808
6.892494
6.895083
6.897584
6.899975
6.902274
6.904495
6.906644
6.908730
6.910757
6.912730
6.914655
6.916536
6.918377
6.920182
6.921956
6.923702
6.925426
6.927131
6.928824
6.930511
6.932199
6.933894
6.935604
6.937341
6.939117
6.940950
6.942872
6.944855
6.946903
6.949022
6.951225
6.953522
6.955926
6.958454
6.961122
6.963953
6.966977
6.970236
6.973805
6.977755
6.982171
6.987151
6.992819
6.999319
7.006828
7.015558
7.025762
7.037740
7.051853
7.068525
7.088260
7.111647
7.139372
7.172214
7.211039
7.256760
7.310250
7.372175
7.442738
7.521433
7.609188
7.701785
7.796963
7.893077
7.988868
8.083133
8.174721
8.262872
8.347522
8.428276
8.501561
8.562382
8.608287
8.642039
8.666037
8.682407
8.693011
8.699666
8.703585
8.704160
8.704170
8.704077
8.703897
8.703776
8.703472
8.703288
8.703013
8.702734
8.702449
8.702137
8.701804
8.701449
8.701072
8.700674
8.700254
8.699813
8.699350
8.698866
8.698360
8.697833
8.697282
8.696707
8.696108
8.695482
8.694827
8.694141
8.693420
8.692659
8.691854
8.690994
8.690071
8.689071
8.687973
8.686743
8.685324
8.683603
8.681314
8.677266
8.670736
