6.133316
6.133285
6.133240
6.133191
6.133147
6.133112
6.133082
6.133055
6.133030
6.133006
6.132983
6.132960
6.132938
6.132917
6.132896
6.132875
6.132855
6.132835
6.132816
6.132797
6.132778
6.132760
6.132743
6.132725
6.132708
6.132692
6.132675
6.132660
6.132644
6.132629
6.132614
6.132600
6.132585
6.132572
6.132558
6.132545
6.132532
6.132519
6.132507
6.132495
6.132484
6.132472
6.132461
6.132450
6.132440
6.132430
6.132420
6.132410
6.132401
6.132391
6.132383
6.132374
6.132366
6.132358
6.132350
6.132342
6.132335
6.132328
6.132321
6.132315
6.132308
6.132302
6.132297
6.132291
6.132286
6.132282
6.132277
6.132273
6.132269
6.132266
6.132263
6.132260
6.132258
6.132256
6.132255
6.132255
6.132255
6.132256
6.132258
6.132262
6.132267
6.132274
6.132283
6.132293
6.132306
6.132321
6.132337
6.132356
6.132378
6.132401
6.132427
6.132456
6.132487
6.132521
6.132557
6.132596
6.132638
6.132683
6.132731
6.132782
6.132837
6.132894
6.132955
6.133019
6.133087
6.133158
6.133233
6.133311
6.133394
6.133480
6.133571
6.133665
6.133764
6.133867
6.133974
6.134086
6.134203
6.134324
6.134450
6.134581
6.134717
6.134859
6.135005
6.135158
6.135315
6.135479
6.135648
6.135823
6.136004
6.136191
6.136384
6.136584
6.136791
6.137004
6.137224
6.137451
6.137686
6.137927
6.138177
6.138434
6.138698
6.138971
6.139252
6.139541
6.139839
6.140145
6.140460
6.140784
6.141118
6.141459
6.141812
6.142174
6.142547
6.142931
6.143323
6.143723
6.144133
6.144551
6.144980
6.145418
6.145865
6.146322
6.146790
6.147267
6.147755
6.148254
6.148763
6.149283
6.149814
6.150356
6.150910
6.151477
6.152056
6.152651
6.153265
6.153901
6.154571
6.155303
6.156092
6.156913
6.157757
6.158620
6.159502
6.160402
6.161321
6.162258
6.163214
6.164188
6.165181
6.166192
6.167222
6.168271
6.169338
6.170424
6.171528
6.172651
6.173792
6.174951
6.176129
6.177324
6.178537
6.179769
6.181017
6.182284
6.183568
6.184869
6.186187
6.187522
6.188874
6.190242
6.191628
6.193029
6.194447
6.195881
6.197331
6.198797
6.200279
6.201777
6.203290
6.204819
6.206364
6.207924
6.209500
6.211091
6.212698
6.214320
6.215958
6.217611
6.219280
6.220964
6.222664
6.224380
6.226112
6.227859
6.229623
6.231402
6.233197
6.235009
6.236836
6.238680
6.240541
6.242418
6.244311
6.246221
6.248147
6.250090
6.252051
6.254028
6.256022
6.258032
6.260060
6.262106
6.264168
6.266247
6.268344
6.270458
6.272589
6.274737
6.276903
6.279086
6.281287
6.283504
6.285740
6.287992
6.290262
6.292549
6.294853
6.297175
6.299514
6.301870
6.304243
6.306633
6.309041
6.311466
6.313906
6.316359
6.318793
6.321075
6.323337
6.325603
6.327884
6.330179
6.332490
6.334816
6.337158
6.339515
6.341887
6.344275
6.346678
6.349096
6.351530
6.353979
6.356443
6.358923
6.361418
6.363928
6.366454
6.368995
6.371552
6.374124
6.376711
6.379314
6.381933
6.384567
6.387216
6.389881
6.392562
6.395258
6.397970
6.400697
6.403440
6.406199
6.408974
6.411764
6.414571
6.417393
6.420231
6.423085
6.425955
6.428841
6.431743
6.434661
6.437596
6.440546
6.443513
6.446496
6.449496
6.452512
6.455544
6.458593
6.461659
6.464741
6.467841
6.470956
6.474089
6.477239
6.480405
6.483589
6.486790
6.490007
6.493243
6.496495
6.499765
6.503052
6.506356
6.509678
6.513018
6.516375
6.519750
6.523142
6.526552
6.529980
6.533426
6.536889
6.540371
6.543870
6.547387
6.550922
6.554475
6.558046
6.561635
6.565242
6.568867
6.572509
6.576170
6.579848
6.583544
6.587258
6.590990
6.594739
6.598506
6.602291
6.606093
6.609912
6.613749
6.617600
6.621452
6.625218
6.628984
6.632764
6.636560
6.640372
6.644200
6.648044
6.651903
6.655778
6.659668
6.663573
6.667494
6.671429
6.675379
6.679344
6.683323
6.687315
6.691322
6.695342
6.699376
6.703423
6.707483
6.711556
6.715641
6.719738
6.723847
6.727968
6.732100
6.736244
6.740398
6.744563
6.748737
6.752922
6.757116
6.761320
6.765533
6.769755
6.773985
6.778224
6.782471
6.786726
6.790989
6.795259
6.799537
6.803822
6.808115
6.812415
6.816722
6.821037
6.825360
6.829691
6.834031
6.838380
6.842740
6.847109
6.851491
6.855886
6.860296
6.864723
6.869168
6.873633
6.878123
6.882639
6.887185
6.891767
6.896388
6.901052
6.905768
6.910541
6.915379
6.920290
6.925282
6.930368
6.935556
6.940861
6.946296
6.951873
6.957611
6.963526
6.969636
6.975960
6.982520
6.989336
6.996433
7.003832
7.011560
7.019643
7.028104
7.036974
7.046276
7.056040
7.066290
7.077056
7.088363
7.100235
7.112698
7.125776
7.139488
7.153859
7.168935
7.185159
7.202140
7.219862
7.238336
7.257564
7.277552
7.298299
7.319800
7.342049
7.365037
7.388748
7.413165
7.438265
7.464024
7.490412
7.517395
7.544935
7.572987
7.601504
7.630428
7.659696
7.689236
7.718969
7.748799
7.778625
7.808327
7.837773
7.866820
7.895326
7.923147
7.950136
7.976043
8.000366
8.022422
8.041240
8.056825
8.069253
8.078763
8.085547
8.090036
8.092729
8.093864
8.094137
8.094173
8.094186
8.094213
8.094246
8.094275
8.094296
8.094321
8.094337
8.094358
8.094379
8.094409
8.094444
8.094485
8.094529
8.094586
8.094650
8.094727
8.094818
8.094926
8.095058
8.095208
8.095388
8.095602
8.095852
8.096146
8.096490
8.096887
8.097352
8.097892
8.098523
8.099248
8.100079
8.101032
8.102121
8.103365
8.104783
8.106400
8.108239
8.110334
8.112709
8.115404
8.118463
8.121940
8.125907
8.130446
8.135701
8.141848
8.148674
8.156739
8.166494
8.178823
8.193563
8.210381
8.227581
8.244235
8.262150
