6.134230
6.134198
6.134153
6.134104
6.134060
6.134025
6.133995
6.133969
6.133944
6.133921
6.133898
6.133876
6.133855
6.133835
6.133815
6.133795
6.133776
6.133757
6.133739
6.133722
6.133704
6.133688
6.133671
6.133655
6.133640
6.133625
6.133610
6.133596
6.133582
6.133568
6.133555
6.133542
6.133530
6.133518
6.133506
6.133495
6.133484
6.133474
6.133463
6.133454
6.133444
6.133435
6.133426
6.133418
6.133410
6.133402
6.133395
6.133388
6.133381
6.133375
6.133369
6.133364
6.133359
6.133354
6.133350
6.133347
6.133344
6.133341
6.133339
6.133338
6.133338
6.133338
6.133340
6.133342
6.133346
6.133350
6.133356
6.133363
6.133371
6.133381
6.133391
6.133403
6.133418
6.133432
6.133448
6.133466
6.133485
6.133507
6.133533
6.133561
6.133592
6.133625
6.133661
6.133700
6.133740
6.133784
6.133830
6.133880
6.133931
6.133986
6.134044
6.134105
6.134169
6.134236
6.134306
6.134380
6.134457
6.134537
6.134622
6.134709
6.134800
6.134894
6.134993
6.135095
6.135201
6.135311
6.135425
6.135543
6.135666
6.135792
6.135923
6.136059
6.136199
6.136344
6.136493
6.136647
6.136806
6.136970
6.137139
6.137313
6.137493
6.137677
6.137867
6.138064
6.138265
6.138472
6.138685
6.138904
6.139129
6.139359
6.139596
6.139840
6.140090
6.140346
6.140609
6.140879
6.141156
6.141440
6.141731
6.142029
6.142334
6.142647
6.142967
6.143296
6.143632
6.143975
6.144327
6.144687
6.145056
6.145433
6.145818
6.146213
6.146616
6.147027
6.147448
6.147877
6.148316
6.148764
6.149222
6.149689
6.150166
6.150653
6.151150
6.151657
6.152174
6.152701
6.153239
6.153788
6.154349
6.154920
6.155501
6.156093
6.156696
6.157312
6.157946
6.158600
6.159286
6.160022
6.160802
6.161615
6.162456
6.163318
6.164200
6.165100
6.166017
6.166951
6.167901
6.168867
6.169850
6.170849
6.171865
6.172899
6.173948
6.175015
6.176098
6.177199
6.178316
6.179451
6.180604
6.181773
6.182961
6.184165
6.185387
6.186627
6.187884
6.189159
6.190451
6.191761
6.193087
6.194432
6.195796
6.197177
6.198576
6.199993
6.201428
6.202880
6.204351
6.205839
6.207345
6.208868
6.210410
6.211968
6.213545
6.215138
6.216749
6.218378
6.220024
6.221687
6.223367
6.225065
6.226779
6.228511
6.230260
6.232026
6.233808
6.235608
6.237425
6.239258
6.241108
6.242976
6.244860
6.246760
6.248678
6.250612
6.252563
6.254531
6.256515
6.258516
6.260534
6.262568
6.264620
6.266687
6.268772
6.270873
6.272991
6.275125
6.277276
6.279444
6.281628
6.283830
6.286047
6.288282
6.290533
6.292801
6.295085
6.297387
6.299705
6.302039
6.304390
6.306758
6.309143
6.311545
6.313963
6.316397
6.318846
6.321302
6.323734
6.326053
6.328335
6.330613
6.332903
6.335207
6.337526
6.339860
6.342209
6.344574
6.346954
6.349349
6.351760
6.354186
6.356627
6.359084
6.361556
6.364044
6.366547
6.369066
6.371600
6.374149
6.376714
6.379295
6.381891
6.384503
6.387131
6.389774
6.392432
6.395107
6.397797
6.400503
6.403224
6.405962
6.408715
6.411484
6.414269
6.417070
6.419886
6.422719
6.425568
6.428432
6.431313
6.434210
6.437122
6.440051
6.442996
6.445957
6.448935
6.451928
6.454938
6.457964
6.461007
6.464065
6.467141
6.470232
6.473340
6.476464
6.479605
6.482762
6.485936
6.489126
6.492333
6.495556
6.498796
6.502052
6.505325
6.508615
6.511921
6.515243
6.518582
6.521938
6.525310
6.528699
6.532105
6.535527
6.538965
6.542420
6.545891
6.549379
6.552884
6.556404
6.559941
6.563495
6.567064
6.570650
6.574252
6.577870
6.581504
6.585155
6.588821
6.592503
6.596200
6.599913
6.603642
6.607387
6.611147
6.614923
6.618713
6.622514
6.626311
6.630030
6.633744
6.637470
6.641208
6.644961
6.648727
6.652508
6.656303
6.660111
6.663932
6.667768
6.671617
6.675480
6.679356
6.683247
6.687150
6.691067
6.694998
6.698943
6.702901
6.706873
6.710859
6.714859
6.718874
6.722903
6.726948
6.731007
6.735083
6.739174
6.743283
6.747409
6.751553
6.755717
6.759900
6.764103
6.768329
6.772578
6.776852
6.781151
6.785478
6.789836
6.794224
6.798647
6.803104
6.807602
6.812140
6.816723
6.821353
6.826034
6.830770
6.835567
6.840425
6.845351
6.850350
6.855427
6.860587
6.865837
6.871182
6.876629
6.882185
6.887856
6.893651
6.899577
6.905641
6.911853
6.918220
6.924753
6.931459
6.938348
6.945429
6.952712
6.960207
6.967923
6.975870
6.984060
6.992501
7.001205
7.010182
7.019443
7.029001
7.038870
7.049065
7.059600
7.070497
7.081775
7.093457
7.105569
7.118134
7.131176
7.144713
7.158754
7.173301
7.188337
7.203830
7.219727
7.235959
7.252438
7.269067
7.285749
7.302419
7.319297
7.335988
7.352414
7.368559
7.384429
7.400028
7.415325
7.430214
7.444507
7.457963
7.470310
7.481210
7.490685
7.498795
7.505649
7.511454
7.516373
7.520532
7.524031
7.526859
7.528917
7.530396
7.531391
7.531942
7.532175
7.532253
7.532273
7.532266
7.532243
7.532207
7.532163
7.532104
7.532067
7.531978
7.531931
7.531839
7.531786
7.531687
7.531636
7.531523
7.531429
7.531375
7.531304
7.531180
7.531094
7.531035
7.530985
7.530873
7.530760
7.530699
7.530625
7.530571
7.530503
7.530420
7.530353
7.530289
7.530239
7.530187
7.530136
7.530094
7.530057
7.530028
7.530007
7.529995
7.529994
7.530008
7.530036
7.530084
7.530152
7.530248
7.530377
7.530545
7.530757
7.531024
7.531352
7.531754
7.532240
7.532823
7.533531
7.534358
7.535324
7.536451
7.537765
7.539297
7.541094
7.543190
7.545579
7.548250
7.550854
7.553380
7.555790
7.558119
7.560364
7.562516
7.564591
7.566638
7.568739
7.571074
7.574169
