6.133606
6.133574
6.133529
6.133480
6.133436
6.133401
6.133371
6.133344
6.133319
6.133295
6.133272
6.133250
6.133228
6.133207
6.133186
6.133165
6.133145
6.133126
6.133106
6.133088
6.133069
6.133051
6.133034
6.133016
6.132999
6.132983
6.132967
6.132951
6.132936
6.132921
6.132906
6.132892
6.132878
6.132864
6.132851
6.132838
6.132825
6.132813
6.132801
6.132789
6.132777
6.132766
6.132755
6.132745
6.132734
6.132724
6.132715
6.132705
6.132696
6.132687
6.132678
6.132670
6.132662
6.132654
6.132646
6.132639
6.132632
6.132625
6.132619
6.132613
6.132607
6.132601
6.132596
6.132591
6.132586
6.132581
6.132577
6.132574
6.132570
6.132567
6.132565
6.132563
6.132562
6.132561
6.132560
6.132561
6.132562
6.132565
6.132569
6.132574
6.132581
6.132590
6.132601
6.132614
6.132629
6.132646
6.132665
6.132687
6.132711
6.132737
6.132766
6.132797
6.132831
6.132868
6.132908
6.132950
6.132995
6.133043
6.133095
6.133149
6.133207
6.133268
6.133332
6.133400
6.133471
6.133546
6.133624
6.133707
6.133793
6.133883
6.133978
6.134076
6.134179
6.134286
6.134397
6.134513
6.134634
6.134759
6.134889
6.135025
6.135165
6.135311
6.135461
6.135618
6.135779
6.135947
6.136120
6.136299
6.136484
6.136676
6.136874
6.137078
6.137289
6.137506
6.137730
6.137962
6.138200
6.138446
6.138699
6.138960
6.139229
6.139505
6.139790
6.140083
6.140384
6.140694
6.141012
6.141339
6.141676
6.142021
6.142376
6.142740
6.143114
6.143498
6.143892
6.144297
6.144711
6.145132
6.145562
6.146002
6.146451
6.146910
6.147379
6.147857
6.148346
6.148846
6.149356
6.149877
6.150408
6.150951
6.151505
6.152072
6.152652
6.153247
6.153860
6.154497
6.155168
6.155899
6.156684
6.157502
6.158342
6.159203
6.160084
6.160982
6.161898
6.162833
6.163785
6.164756
6.165745
6.166752
6.167777
6.168822
6.169884
6.170966
6.172065
6.173184
6.174320
6.175475
6.176648
6.177840
6.179049
6.180276
6.181521
6.182784
6.184064
6.185361
6.186676
6.188009
6.189358
6.190724
6.192107
6.193507
6.194923
6.196356
6.197805
6.199270
6.200752
6.202249
6.203763
6.205293
6.206838
6.208399
6.209976
6.211569
6.213178
6.214802
6.216442
6.218097
6.219768
6.221455
6.223158
6.224877
6.226611
6.228362
6.230128
6.231910
6.233708
6.235523
6.237353
6.239200
6.241063
6.242943
6.244839
6.246751
6.248680
6.250626
6.252588
6.254568
6.256563
6.258576
6.260606
6.262653
6.264717
6.266798
6.268896
6.271011
6.273143
6.275292
6.277459
6.279643
6.281844
6.284062
6.286298
6.288550
6.290820
6.293108
6.295412
6.297734
6.300072
6.302428
6.304801
6.307191
6.309599
6.312022
6.314462
6.316912
6.319342
6.321638
6.323898
6.326163
6.328443
6.330738
6.333048
6.335374
6.337715
6.340072
6.342444
6.344831
6.347234
6.349652
6.352085
6.354534
6.356998
6.359478
6.361972
6.364483
6.367008
6.369549
6.372106
6.374678
6.377265
6.379868
6.382487
6.385121
6.387770
6.390435
6.393116
6.395812
6.398524
6.401251
6.403995
6.406754
6.409528
6.412319
6.415125
6.417948
6.420786
6.423640
6.426510
6.429397
6.432299
6.435218
6.438152
6.441103
6.444070
6.447054
6.450054
6.453070
6.456103
6.459153
6.462219
6.465301
6.468401
6.471517
6.474650
6.477800
6.480967
6.484151
6.487352
6.490570
6.493805
6.497057
6.500327
6.503614
6.506918
6.510240
6.513579
6.516936
6.520310
6.523702
6.527112
6.530539
6.533984
6.537446
6.540926
6.544425
6.547940
6.551474
6.555025
6.558594
6.562181
6.565786
6.569408
6.573048
6.576706
6.580382
6.584075
6.587786
6.591514
6.595260
6.599023
6.602804
6.606602
6.610417
6.614249
6.618095
6.621942
6.625703
6.629464
6.633239
6.637029
6.640835
6.644657
6.648494
6.652347
6.656215
6.660099
6.663997
6.667910
6.671838
6.675780
6.679736
6.683707
6.687691
6.691689
6.695700
6.699725
6.703762
6.707813
6.711875
6.715951
6.720038
6.724136
6.728247
6.732368
6.736501
6.740644
6.744798
6.748961
6.753135
6.757319
6.761512
6.765714
6.769925
6.774145
6.778374
6.782611
6.786857
6.791110
6.795372
6.799643
6.803922
6.808209
6.812504
6.816809
6.821123
6.825447
6.829781
6.834126
6.838484
6.842854
6.847239
6.851640
6.856058
6.860497
6.864957
6.869442
6.873955
6.878499
6.883078
6.887697
6.892361
6.897075
6.901846
6.906681
6.911586
6.916572
6.921646
6.926820
6.932104
6.937511
6.943054
6.948746
6.954604
6.960644
6.966882
6.973337
6.980028
6.986976
6.994201
7.001726
7.009572
7.017763
7.026323
7.035274
7.044642
7.054450
7.064721
7.075480
7.086749
7.098550
7.110905
7.123834
7.137356
7.151487
7.166248
7.181681
7.198228
7.215492
7.233450
7.252107
7.271464
7.291522
7.312277
7.333723
7.355848
7.378638
7.402075
7.426134
7.450786
7.475998
7.501727
7.527925
7.554539
7.581505
7.608753
7.636206
7.663776
7.691371
7.718891
7.746227
7.773268
7.799894
7.825987
7.851428
7.876105
7.899924
7.922817
7.944754
7.965693
7.985434
8.004070
8.021502
8.036706
8.048069
8.054850
8.057989
8.059180
8.059421
8.059507
8.059542
8.059553
8.059550
8.059537
8.059516
8.059490
8.059460
8.059426
8.059389
8.059350
8.059310
8.059270
8.059229
8.059189
8.059149
8.059112
8.059077
8.059046
8.059018
8.058996
8.058979
8.058971
8.058970
8.058980
8.059001
8.059036
8.059087
8.059155
8.059245
8.059357
8.059495
8.059663
8.059863
8.060099
8.060373
8.060689
8.061050
8.061457
8.061912
8.062417
8.062972
8.063574
8.064220
8.064901
8.065600
8.066293
8.066947
8.067523
8.067988
8.068315
8.068477
8.068423
8.068056
8.067184
8.065409
8.061628
