6.166501
6.166470
6.166427
6.166380
6.166338
6.166304
6.166275
6.166249
6.166225
6.166202
6.166180
6.166159
6.166138
6.166117
6.166097
6.166078
6.166059
6.166040
6.166022
6.166004
6.165987
6.165970
6.165953
6.165937
6.165921
6.165905
6.165890
6.165876
6.165861
6.165847
6.165834
6.165820
6.165807
6.165795
6.165782
6.165770
6.165759
6.165747
6.165736
6.165726
6.165715
6.165705
6.165696
6.165686
6.165677
6.165668
6.165660
6.165651
6.165644
6.165636
6.165629
6.165622
6.165615
6.165609
6.165603
6.165597
6.165592
6.165587
6.165582
6.165578
6.165574
6.165570
6.165567
6.165565
6.165563
6.165561
6.165560
6.165559
6.165559
6.165560
6.165561
6.165563
6.165566
6.165570
6.165575
6.165581
6.165588
6.165597
6.165608
6.165621
6.165636
6.165654
6.165674
6.165697
6.165723
6.165752
6.165785
6.165821
6.165860
6.165903
6.165950
6.166000
6.166055
6.166114
6.166178
6.166246
6.166319
6.166397
6.166480
6.166568
6.166661
6.166760
6.166864
6.166974
6.167089
6.167211
6.167339
6.167473
6.167613
6.167760
6.167913
6.168074
6.168241
6.168415
6.168597
6.168787
6.168983
6.169185
6.169394
6.169609
6.169831
6.170060
6.170296
6.170540
6.170792
6.171051
6.171319
6.171594
6.171877
6.172169
6.172470
6.172779
6.173096
6.173423
6.173759
6.174103
6.174457
6.174821
6.175194
6.175576
6.175968
6.176370
6.176783
6.177205
6.177638
6.178081
6.178534
6.178998
6.179473
6.179959
6.180456
6.180963
6.181482
6.182013
6.182554
6.183108
6.183672
6.184249
6.184837
6.185437
6.186049
6.186673
6.187309
6.187957
6.188617
6.189289
6.189974
6.190671
6.191380
6.192101
6.192835
6.193582
6.194342
6.195117
6.195912
6.196737
6.197618
6.198640
6.199723
6.200831
6.201958
6.203103
6.204266
6.205447
6.206644
6.207859
6.209090
6.210338
6.211602
6.212882
6.214179
6.215491
6.216818
6.218161
6.219519
6.220891
6.222279
6.223681
6.225097
6.226527
6.227972
6.229430
6.230902
6.232388
6.233887
6.235400
6.236926
6.238466
6.240019
6.241585
6.243164
6.244757
6.246363
6.247982
6.249615
6.251261
6.252920
6.254593
6.256279
6.257979
6.259693
6.261421
6.263162
6.264918
6.266687
6.268471
6.270268
6.272080
6.273907
6.275748
6.277604
6.279474
6.281360
6.283260
6.285175
6.287106
6.289052
6.291013
6.292990
6.294982
6.296990
6.299013
6.301052
6.303107
6.305178
6.307266
6.309369
6.311488
6.313624
6.315775
6.317944
6.320128
6.322330
6.324547
6.326782
6.329033
6.331300
6.333585
6.335886
6.338204
6.340539
6.342891
6.345260
6.347646
6.350048
6.352468
6.354905
6.357359
6.359829
6.362317
6.364823
6.367345
6.369884
6.372441
6.375014
6.377602
6.380186
6.382624
6.385056
6.387502
6.389963
6.392441
6.394936
6.397446
6.399973
6.402516
6.405075
6.407651
6.410243
6.412852
6.415477
6.418119
6.420777
6.423452
6.426143
6.428852
6.431576
6.434318
6.437076
6.439851
6.442642
6.445450
6.448274
6.451115
6.453972
6.456846
6.459736
6.462643
6.465566
6.468505
6.471460
6.474431
6.477418
6.480421
6.483440
6.486475
6.489525
6.492590
6.495670
6.498766
6.501877
6.505002
6.508142
6.511297
6.514466
6.517649
6.520845
6.524056
6.527280
6.530517
6.533766
6.537029
6.540304
6.543591
6.546890
6.550200
6.553522
6.556855
6.560198
6.563551
6.566915
6.570288
6.573670
6.577061
6.580461
6.583868
6.587283
6.590705
6.594134
6.597569
6.601009
6.604455
6.607906
6.611361
6.614820
6.618282
6.621748
6.625216
6.628686
6.632159
6.635633
6.639108
6.642585
6.646064
6.649544
6.653026
6.656510
6.659997
6.663488
6.666984
6.670486
6.673996
6.677517
6.681051
6.684601
6.688171
6.691758
6.695288
6.698847
6.702449
6.706104
6.709817
6.713597
6.717448
6.721375
6.725377
6.729451
6.733590
6.737785
6.742023
6.746286
6.750556
6.754814
6.759039
6.763211
6.767312
6.771326
6.775238
6.779040
6.782723
6.786281
6.789712
6.793014
6.796187
6.799233
6.802154
6.804953
6.807634
6.810200
6.812655
6.815004
6.817251
6.819400
6.821457
6.823425
6.825308
6.827110
6.828835
6.830487
6.832070
6.833585
6.835036
6.836425
6.837754
6.839026
6.840241
6.841401
6.842507
6.843560
6.844560
6.845508
6.846404
6.847248
6.848042
6.848786
6.849481
6.850128
6.850729
6.851285
6.851798
6.852272
6.852707
6.853107
6.853474
6.853811
6.854119
6.854399
6.854654
6.854883
6.855090
6.855277
6.855429
6.855552
6.855652
6.855732
6.855796
6.855846
6.855886
6.855917
6.855941
6.855959
6.855973
6.855984
6.855993
6.855999
6.856004
6.856007
6.856010
6.856012
6.856014
6.856015
6.856016
6.856017
6.856018
6.856019
6.856019
6.856020
6.856021
6.856022
6.856024
6.856026
6.856029
6.856033
6.856039
6.856049
6.856066
6.856098
6.856161
6.856283
6.856479
6.856776
6.857209
6.857825
6.858691
6.859896
6.861552
6.863789
6.866754
6.870606
6.875511
6.881655
6.889247
6.898532
6.909793
6.923348
6.939541
6.958742
6.981331
7.007694
7.038209
7.073234
7.113097
7.158087
7.208457
7.264431
7.326218
7.394082
7.471489
7.555504
7.645783
7.741503
7.841141
7.942532
8.043156
8.140565
8.232746
8.318249
8.396096
8.465581
8.526429
8.578874
8.624161
8.665282
8.697067
8.714067
8.721169
8.723435
8.723496
8.723410
8.723245
8.723146
8.722808
8.722655
8.722267
8.722028
8.721739
8.721418
8.721076
8.720711
8.720322
8.719911
8.719476
8.719018
8.718537
8.718032
8.717503
8.716949
8.716369
8.715761
8.715125
8.714457
8.713755
8.713014
8.712230
8.711396
8.710505
8.709546
8.708504
8.707364
8.706102
8.704685
8.703047
8.700147
8.698134
8.690282
8.682654
